S01	S02	S03	E01	E02	E03	I01	I02	I03	Y01	Y02	Y03	R01	R02	R03	S11	S12	S13	E11	E12	E13	I11	I12	I13	Y11	Y12	Y13	R11	R12	R13	S21	S22	S23	E21	E22	E23	I21	I22	I23	Y21	Y22	Y23	R21	R22	R23
1	99606.2056956791	43303.5810124805	-1121.97962854781	0	0	0	0	0	0	0	0	0	707.326775201213	403.406297329414	58.754137811436	47353.9723837437	26084.9814704971	3642.83953051316	0	0	0	0	0	0	0	0	0	73.6762518636579	42.3200208854185	6.29810751671873	11896.2038765581	12209.9788701133	5862.52581708384	0	0	0	0	0	0	0	0	0	0.0645169701851825	0.0431804597869828	0.00917535261475849
2	99708.2559414269	43361.7643135269	-1112.90855507127	0	0	0	0	0	0	0	0	0	604.728855678512	344.900577678971	49.62845459749	47354.0644536114	26085.0386539954	3642.85017919156	0	0	0	0	0	0	0	0	0	62.4271326906927	35.8082360943239	5.24528852463122	11896.2292814437	12209.9971837341	5862.5303649632	0	0	0	0	0	0	0	0	0	0.0418448111899601	0.0279749414890632	0.00590809329150098
3	99618.9678685577	43326.2550487731	-1112.31027652993	0	0	0	0	0	0	0	0	0	694.064306815439	380.372449799943	49.0008567324621	47354.0914456062	26085.0582029548	3642.85486067377	0	0	0	0	0	0	0	0	0	70.6473151411598	38.8589031769203	5.06821045197835	11896.2281581295	12209.9947804737	5862.52898762627	0	0	0	0	0	0	0	0	0	0.0352488840174337	0.0228026078600342	0.00442670456492086
4	99542.670404867	43275.9373859762	-1122.1632474417	0	0	0	0	0	0	0	0	0	771.070457446012	431.123882027048	58.9281437792672	47354.0121637756	26085.0020719018	3642.84174572939	0	0	0	0	0	0	0	0	0	79.1083342056916	44.4506111148253	6.17382535915021	11896.2664923162	12210.0234509253	5862.53618814594	0	0	0	0	0	0	0	0	0	0.0457430029558768	0.0301443337646818	0.00615008586492223
5	99604.2160013823	43317.6259825821	-1113.79140158223	0	0	0	0	0	0	0	0	0	709.142495579831	389.178554253672	50.5031283161469	47354.0874650563	26085.0554022995	3642.8554175209	0	0	0	0	0	0	0	0	0	71.4926090283843	39.3058562213373	5.13164908323708	11896.2231248877	12209.9935073587	5862.52980753211	0	0	0	0	0	0	0	0	0	0.0103038943969366	0.00664198173748395	0.00128241662341447
6	99576.3893638606	43297.1814243749	-1118.08909566001	0	0	0	0	0	0	0	0	0	737.151830526297	409.761455002116	54.8327080629527	47353.9063667776	26084.9428176331	3642.83419003415	0	0	0	0	0	0	0	0	0	76.1706670088335	42.612562207964	5.82398476678864	11896.216630573	12209.992106687	5862.53166052519	0	0	0	0	0	0	0	0	0	0.0692488030379446	0.0455615824236056	0.00920995587846638
7	99551.7033745538	43271.398855834	-1126.39923530078	0	0	0	0	0	0	0	0	0	762.088741433123	435.725826276074	63.1834183553858	47353.9585515004	26084.9729455782	3642.83838148011	0	0	0	0	0	0	0	0	0	77.7446273737361	44.6050341623984	6.53730061806837	11896.2824568745	12210.0376876943	5862.54223905468	0	0	0	0	0	0	0	0	0	0.0190262231610983	0.0124840881979368	0.0025207034734832
8	99734.5968309734	43367.4106184323	-1116.42461391465	0	0	0	0	0	0	0	0	0	578.397368345229	339.303955228148	53.1727180725924	47353.9924774978	26084.9976172352	3642.84353668796	0	0	0	0	0	0	0	0	0	59.2635786948884	34.8949051323139	5.52607887117212	11896.1313958854	12209.9327605061	5862.51758105485	0	0	0	0	0	0	0	0	0	0.0164301645138445	0.0110682204756916	0.00238886690431459
9	99526.9417523547	43269.7294931931	-1122.0329492922	0	0	0	0	0	0	0	0	0	786.777366009218	437.309402160232	58.7904519880876	47354.0287061134	26085.0164181695	3642.84637934095	0	0	0	0	0	0	0	0	0	81.0031790939267	45.2848095187521	6.20538192311772	11896.2291804224	12209.99775475	5862.53064065651	0	0	0	0	0	0	0	0	0	0.0563882154099926	0.0374439019773095	0.00778630696295295
10	99616.0876450949	43307.6226706719	-1121.88013251661	0	0	0	0	0	0	0	0	0	697.411834828765	399.342985431829	58.6472843531303	47353.9926761666	26084.9892321942	3642.83902024031	0	0	0	0	0	0	0	0	0	71.3104094369911	40.9928402037723	6.0914046531268	11896.2417374175	12210.0108904636	5862.53697725301	0	0	0	0	0	0	0	0	0	0.021141103357149	0.0140615760136795	0.0029438422200038
11	99586.4934400108	43291.2720224787	-1124.55917448305	0	0	0	0	0	0	0	0	0	727.025787024403	415.708058341309	61.3347570273452	47354.0852790027	26085.0495644426	3642.85025408541	0	0	0	0	0	0	0	0	0	75.4145593402955	43.3915085886748	6.52084507750201	11896.1960281144	12209.974989277	5862.52556160285	0	0	0	0	0	0	0	0	0	0.0517575597900304	0.0343942170296811	0.00718729467013301
12	99558.9551055543	43286.3498912816	-1120.76278079551	0	0	0	0	0	0	0	0	0	754.339601397678	420.454423026315	57.492914561724	47354.0722439645	26085.0405171084	3642.84860347732	0	0	0	0	0	0	0	0	0	77.086775470004	43.1504263615419	5.98162415281537	11896.2592221989	12210.0156304263	5862.53260230052	0	0	0	0	0	0	0	0	0	0.0340270613137129	0.0224359557185908	0.00459442684781725
13	99688.1522110426	43369.2730023699	-1104.51313614931	0	0	0	0	0	0	0	0	0	624.832714498718	337.301375781988	41.1832461214446	47354.1233670197	26085.0814997171	3642.86142373399	0	0	0	0	0	0	0	0	0	63.0418165195074	34.0973177477942	4.19122986443795	11896.2156528972	12209.9883019601	5862.52863138723	0	0	0	0	0	0	0	0	0	0.0195480032040627	0.0123222586154113	0.00222860082417722
14	99582.2407172601	43290.8862979393	-1123.88701681956	0	0	0	0	0	0	0	0	0	731.410546209306	416.161218027297	60.6691846350223	47353.9351394617	26084.9499395747	3642.82991730645	0	0	0	0	0	0	0	0	0	75.1153748695341	42.9385162201551	6.34634742575033	11896.2865610152	12210.0378271512	5862.53962784154	0	0	0	0	0	0	0	0	0	0.0336134311747907	0.0220892552705881	0.0044933532459011
15	99588.1728002708	43300.3515492905	-1120.01968173018	0	0	0	0	0	0	0	0	0	725.35708498269	406.599913083053	56.7770461804622	47354.0023110008	26084.9987538405	3642.84182167633	0	0	0	0	0	0	0	0	0	75.2605696221091	42.4846137091454	6.06360098549712	11896.2373297278	12210.0022339366	5862.53078735638	0	0	0	0	0	0	0	0	0	0.0710653733657137	0.0469415894317012	0.00964054429542931
16	99595.5765839037	43306.8694600309	-1118.27552424465	0	0	0	0	0	0	0	0	0	717.79025659587	399.975740905911	55.0119545862364	47354.0685889961	26085.0424564084	3642.85064990499	0	0	0	0	0	0	0	0	0	73.4070400422549	41.0870982628351	5.73087771865161	11896.1736732992	12209.9610078001	5862.52321679548	0	0	0	0	0	0	0	0	0	0.0338033095176672	0.0221704269815244	0.00448065985060728
17	99571.5275257722	43287.6560371184	-1122.08691454411	0	0	0	0	0	0	0	0	0	742.018200301904	419.320206500022	58.8500466411687	47354.0093483502	26084.9976739314	3642.83937970447	0	0	0	0	0	0	0	0	0	76.3040471972311	43.3436665790335	6.18440281432998	11896.2216844328	12209.9935980586	5862.53000613073	0	0	0	0	0	0	0	0	0	0.0413935553243614	0.0275910616050126	0.00578267995238371
18	99658.7335585821	43330.3013765987	-1119.90378681751	0	0	0	0	0	0	0	0	0	654.772971786579	376.677131670532	56.6799420866991	47353.9910069245	26084.9905675092	3642.84014645447	0	0	0	0	0	0	0	0	0	67.3708213090091	38.9467405941031	5.94336394512963	11896.2702917444	12210.0269278845	5862.53843366078	0	0	0	0	0	0	0	0	0	0.0271418007231406	0.0181016433136819	0.00381848015772021
19	99619.8905736888	43320.9492678328	-1115.29629555988	0	0	0	0	0	0	0	0	0	693.217536399379	385.741560872306	52.0024687680241	47354.0981902584	26085.0649484936	3642.858082418	0	0	0	0	0	0	0	0	0	70.7769547136829	39.5437154865154	5.40185991211364	11896.2008594416	12209.9787782331	5862.52653877445	0	0	0	0	0	0	0	0	0	0.0340252620594425	0.0222145253053524	0.00443275367415782
20	99558.0514479941	43292.9561603957	-1116.85097053473	0	0	0	0	0	0	0	0	0	755.361349839961	413.873698944653	53.5642535564239	47354.0404915324	26085.0278975206	3642.85034367308	0	0	0	0	0	0	0	0	0	76.2378379206927	41.8544876629099	5.45293276105447	11896.2422238049	12210.0092707672	5862.53492335552	0	0	0	0	0	0	0	0	0	0.0127577926986574	0.00817529775654529	0.00155400644166947
21	99594.8903433753	43311.1306689855	-1115.32982392575	0	0	0	0	0	0	0	0	0	718.958596257325	395.951877312299	52.0801609505263	47353.9606022406	26084.9755267823	3642.83951709059	0	0	0	0	0	0	0	0	0	73.0440865983714	40.3560446083808	5.36384137048487	11896.3028399907	12210.0525245503	5862.54625115417	0	0	0	0	0	0	0	0	0	0.0285723173912929	0.0182727597788344	0.00345870633064801
22	99604.0495841519	43305.844480069	-1120.45889887132	0	0	0	0	0	0	0	0	0	709.21831829449	400.963557143593	57.1959099793133	47354.0829079142	26085.0525416099	3642.85360578453	0	0	0	0	0	0	0	0	0	72.6994127300161	41.2851488004186	5.96987633392466	11896.2267993295	12209.9942578264	5862.5290729203	0	0	0	0	0	0	0	0	0	0.0368759462456432	0.024225184308659	0.00492427320382404
23	99665.783459147	43346.316711987	-1112.51881153635	0	0	0	0	0	0	0	0	0	646.99505692634	360.18555084114	49.198388482298	47354.0343590979	26085.0133697575	3642.84204487159	0	0	0	0	0	0	0	0	0	65.7650019702609	36.7298172130016	5.06842294520747	11896.3011073162	12210.0548714522	5862.54865759841	0	0	0	0	0	0	0	0	0	0.0225973395831953	0.0146452225092771	0.00287299158517984
24	99721.3349215028	43375.9928231772	-1109.06877122822	0	0	0	0	0	0	0	0	0	591.586362335554	330.598340210183	45.7656219072542	47354.0725352421	26085.045443001	3642.85215528674	0	0	0	0	0	0	0	0	0	60.1163853083161	33.705404108973	4.71426766256542	11896.244099482	12210.0100707755	5862.53474702615	0	0	0	0	0	0	0	0	0	0.0203558464498391	0.0133040872740358	0.0026725171395907
25	99539.4479998605	43265.6547528788	-1127.82905358998	0	0	0	0	0	0	0	0	0	774.355068600169	441.485759024006	64.6260377590951	47354.0091650848	26085.0017222099	3642.84173992549	0	0	0	0	0	0	0	0	0	80.8491994158482	46.444819483207	6.95387813057002	11896.2011007335	12209.981735676	5862.52930282409	0	0	0	0	0	0	0	0	0	0.0709818825613977	0.0476033327580825	0.010172662588942
26	99621.2478554882	43297.0013568339	-1129.31087901523	0	0	0	0	0	0	0	0	0	692.339933258814	410.090996901971	66.1333760426607	47353.8811101038	26084.9158717195	3642.82241894757	0	0	0	0	0	0	0	0	0	71.899540588265	42.811963716807	7.00340880933719	11896.2338211016	12210.0005451861	5862.53108182573	0	0	0	0	0	0	0	0	0	0.0287031973718545	0.0195457706012422	0.00432478939616922
27	99728.6485317114	43369.7606478484	-1114.1427320386	0	0	0	0	0	0	0	0	0	584.254797414113	336.873491354411	50.8687456004438	47354.0903605695	26085.052801543	3642.85156099264	0	0	0	0	0	0	0	0	0	60.4100879738924	35.0349915394438	5.38105600804858	11896.2177561555	12209.9908104562	5862.52959298812	0	0	0	0	0	0	0	0	0	0.0363707808287623	0.0246539966982606	0.00540059198704316
28	99655.0771738032	43318.0890690576	-1125.02571564687	0	0	0	0	0	0	0	0	0	658.193797310506	388.792925096074	61.7997757522481	47354.1269806439	26085.082470955	3642.86093060822	0	0	0	0	0	0	0	0	0	68.6078418882505	40.7633153146293	6.58651159959122	11896.210222364	12209.9844511041	5862.52758817876	0	0	0	0	0	0	0	0	0	0.0412274877064069	0.0278234625171191	0.00602606551615463
29	99637.5653107845	43321.0576077857	-1120.24724221026	0	0	0	0	0	0	0	0	0	675.896345468072	385.891833384597	57.0192509496338	47353.9915187344	26084.9865393613	3642.83748695105	0	0	0	0	0	0	0	0	0	69.8958567070688	40.1376305626369	6.03146808333923	11896.2165611393	12209.9910326967	5862.53042562331	0	0	0	0	0	0	0	0	0	0.0459417181016421	0.0304772608189657	0.00635870768000194
30	99649.4805146239	43339.9232121073	-1112.03140489292	0	0	0	0	0	0	0	0	0	663.31666564081	366.580639902968	48.706367846985	47354.051706296	26085.0403498507	3642.85711208448	0	0	0	0	0	0	0	0	0	68.0260211539903	37.7826681912832	5.10310784907267	11896.2432822784	12210.0059173622	5862.53114222936	0	0	0	0	0	0	0	0	0	0.0496931539720949	0.0324497425049108	0.00648848271425521
31	99547.2578149231	43285.6455491826	-1118.2339473517	0	0	0	0	0	0	0	0	0	766.26455310446	421.241907722947	54.9522516174288	47354.1508115164	26085.1044540711	3642.86920193686	0	0	0	0	0	0	0	0	0	78.1871298968334	43.1532389804452	5.7039594647571	11896.2349921848	12210.0016553619	5862.53100296023	0	0	0	0	0	0	0	0	0	0.0423662589445635	0.0271235045068205	0.00512787429291058
32	99613.9859011004	43307.6521531741	-1121.65480622979	0	0	0	0	0	0	0	0	0	699.256816973133	399.155742438263	58.3955518383108	47354.089228603	26085.0598961775	3642.85744666454	0	0	0	0	0	0	0	0	0	72.0321812861725	41.3361936660305	6.14439899359828	11896.1875197598	12209.9719971154	5862.52612501854	0	0	0	0	0	0	0	0	0	0.0371359399634069	0.0248146593273574	0.00524434996297947
33	99630.0620052438	43330.9315446712	-1112.38499077573	0	0	0	0	0	0	0	0	0	683.083224040641	375.765403172518	49.0867286402364	47354.030889887	26085.0197685309	3642.8479511345	0	0	0	0	0	0	0	0	0	70.3895103107705	38.948439107822	5.18731310327203	11896.2428158674	12210.0090336185	5862.53425403356	0	0	0	0	0	0	0	0	0	0.0720538397311484	0.0465159274952312	0.00898214341715677
34	99572.7663587676	43292.6305166466	-1120.66247141248	0	0	0	0	0	0	0	0	0	740.886961434	414.38388798299	57.4246774479113	47353.9815584266	26084.9890024609	3642.84165386219	0	0	0	0	0	0	0	0	0	75.3164958026969	42.2661565204889	5.91942355845571	11896.2151388104	12209.9889658916	5862.52892948975	0	0	0	0	0	0	0	0	0	0.0176747545895208	0.0116853601547584	0.00240563166401807
35	99567.3255504309	43286.9771475059	-1122.37353712522	0	0	0	0	0	0	0	0	0	746.321764089488	420.05421690919	59.1464386480773	47354.0112293891	26085.0010892212	3642.84082193571	0	0	0	0	0	0	0	0	0	78.4357257006017	44.5501253175656	6.4521163370629	11896.1799275711	12209.9666604961	5862.52540973965	0	0	0	0	0	0	0	0	0	0.111411937514055	0.0737338477648096	0.0152066903615901
36	99676.9145414164	43323.5831458297	-1126.77836642243	0	0	0	0	0	0	0	0	0	636.426875775351	383.37919444264	63.5808864055831	47353.9988119457	26084.9987113623	3642.84261078247	0	0	0	0	0	0	0	0	0	66.1751209923647	40.0499689252725	6.7279428331989	11896.1690692877	12209.959589654	5862.52385862436	0	0	0	0	0	0	0	0	0	0.0253733460984965	0.0172854041034103	0.00381956349874694
37	99579.0024678278	43275.4914699439	-1130.48343078642	0	0	0	0	0	0	0	0	0	734.89512387655	431.756829304685	67.3132654932753	47353.9956817884	26085.0019075051	3642.84605698126	0	0	0	0	0	0	0	0	0	76.080565167887	44.9231930883941	7.10622094954884	11896.1332893248	12209.9348535359	5862.51833137788	0	0	0	0	0	0	0	0	0	0.0305136219189617	0.0205211854506124	0.00439971758684305
38	99625.5287692417	43289.0255761864	-1134.40218697432	0	0	0	0	0	0	0	0	0	687.676691477122	417.872890067296	71.2025424195211	47353.9675279398	26084.9711805785	3642.83478057704	0	0	0	0	0	0	0	0	0	72.746557405272	44.4746893829218	7.70077722678831	11896.2618443023	12210.0213385768	5862.53709557302	0	0	0	0	0	0	0	0	0	0.0478454862556842	0.0326213718471962	0.00723523708705986
39	99591.8590589454	43310.1378545055	-1114.71054675264	0	0	0	0	0	0	0	0	0	721.527091026984	396.686338267361	51.4245010758331	47354.0461762296	26085.0322005211	3642.85360136726	0	0	0	0	0	0	0	0	0	73.1988867410095	40.3635214764141	5.28539240593942	11896.2411900673	12210.0051244567	5862.53133072333	0	0	0	0	0	0	0	0	0	0.0250225769988469	0.0161930158835808	0.00314926462785512
40	99629.8171184638	43311.1501938385	-1123.04100663974	0	0	0	0	0	0	0	0	0	683.852232226033	395.933041168876	59.83276332796	47353.8408784994	26084.9020095843	3642.82704012945	0	0	0	0	0	0	0	0	0	70.2441248677152	40.8519880256958	6.25550440415983	11896.2727448898	12210.0301312593	5862.5399266537	0	0	0	0	0	0	0	0	0	0.0238935840586874	0.0161319948356293	0.00349470698788114
41	99671.0696039433	43343.4162254946	-1114.9677577937	0	0	0	0	0	0	0	0	0	642.41878061843	363.530387158538	51.7298305182125	47354.0186592581	26085.0064847842	3642.84234748922	0	0	0	0	0	0	0	0	0	66.5436986747544	37.9035629910311	5.50473624496342	11896.2369284203	12210.0022827782	5862.5309427247	0	0	0	0	0	0	0	0	0	0.0503027630355566	0.0335668864014676	0.00707380205873282
42	99640.8611788958	43330.4810917735	-1114.60357319414	0	0	0	0	0	0	0	0	0	672.437026274591	376.334547478812	51.3327040161236	47353.9013350175	26084.9373084129	3642.83216307255	0	0	0	0	0	0	0	0	0	68.5024660736582	38.4818952551911	5.31396072849861	11896.2426803479	12210.0110268712	5862.53628439715	0	0	0	0	0	0	0	0	0	0.0229132266095905	0.015170694856719	0.003123915833142
43	99673.2151496385	43336.1534770461	-1119.61754622952	0	0	0	0	0	0	0	0	0	639.935460391241	370.621043124306	56.3603444979224	47353.9929024261	26084.9954485103	3642.84273523823	0	0	0	0	0	0	0	0	0	65.5424127989406	38.1131065017144	5.86438952092198	11896.2774418743	12210.0340872444	5862.54182946601	0	0	0	0	0	0	0	0	0	0.0182832705881205	0.0123571798840527	0.00268592303966833
44	99718.2399494164	43350.5146358499	-1122.13159573717	0	0	0	0	0	0	0	0	0	594.932159579743	356.335402495406	58.9133533395037	47354.0528933876	26085.0329011915	3642.84971494299	0	0	0	0	0	0	0	0	0	62.7655171176105	37.8552116965402	6.37688886190924	11896.2271600681	12209.9967968217	5862.53072168216	0	0	0	0	0	0	0	0	0	0.0524314434076575	0.035806734851211	0.00797147650725558
45	99655.4057859932	43344.2645912823	-1110.5680256827	0	0	0	0	0	0	0	0	0	657.878218741342	362.509663905992	47.2778811172984	47354.0285635757	26085.0260073068	3642.85493511618	0	0	0	0	0	0	0	0	0	66.5761873862855	36.7773929967557	4.83703940192615	11896.2139843338	12209.985142624	5862.52566492824	0	0	0	0	0	0	0	0	0	0.0182293497798012	0.0117534178531318	0.00226497913620233
46	99529.7175448167	43271.5526942871	-1121.64190608492	0	0	0	0	0	0	0	0	0	783.955817282172	435.455554832301	58.3945693088927	47354.0940681418	26085.0594259449	3642.85503181445	0	0	0	0	0	0	0	0	0	79.8644109756938	44.5239354682566	6.0426381568646	11896.1922934308	12209.9700203369	5862.52232832253	0	0	0	0	0	0	0	0	0	0.0286575474137338	0.018660030473841	0.00368364857119549
47	99673.8329461599	43344.6149290982	-1114.82287364043	0	0	0	0	0	0	0	0	0	639.18199848555	362.06185185739	51.545363786899	47354.0404103494	26085.0207825045	3642.84515552002	0	0	0	0	0	0	0	0	0	65.9531328661978	37.5800106866936	5.45004745589766	11896.2032342006	12209.9811399243	5862.52726695509	0	0	0	0	0	0	0	0	0	0.0445505487496751	0.0299328957892522	0.00640735480865155
48	99673.896089775	43342.0738465933	-1116.40342446876	0	0	0	0	0	0	0	0	0	639.22498648461	364.680737129663	53.1460272572243	47354.0170524859	26085.0047843622	3642.84103199157	0	0	0	0	0	0	0	0	0	66.7537410158531	38.3803113243277	5.72699286620617	11896.2210460781	12209.9897177969	5862.52752155638	0	0	0	0	0	0	0	0	0	0.0623046332539721	0.0419311324109682	0.00901450196516295
49	99674.7233883591	43352.7671343974	-1110.32393890721	0	0	0	0	0	0	0	0	0	638.588172757609	354.041102689094	47.0461553592878	47353.8989205102	26084.9350159965	3642.83143064222	0	0	0	0	0	0	0	0	0	64.6765023210319	35.9550258454907	4.82144742736064	11896.2465326366	12210.0142768175	5862.53736367304	0	0	0	0	0	0	0	0	0	0.016624322889863	0.0108969630004555	0.00219245953099436
50	99629.9230549997	43330.8156902613	-1112.31665812237	0	0	0	0	0	0	0	0	0	683.20752499775	375.879402145646	49.0229864066011	47354.0405722442	26085.023563357	3642.84624283614	0	0	0	0	0	0	0	0	0	69.4916674378637	38.3668042891671	5.0632400348311	11896.2118483633	12209.985445197	5862.5274480189	0	0	0	0	0	0	0	0	0	0.0274083648088612	0.0177703914429681	0.00347287121047301
51	99649.5392765831	43332.9126118495	-1116.34839588294	0	0	0	0	0	0	0	0	0	663.467678475177	373.738583980667	53.0583393164354	47354.0520959685	26085.0369295859	3642.85479934468	0	0	0	0	0	0	0	0	0	67.8871435681285	38.4148899860939	5.5303017774732	11896.2513930749	12210.010668123	5862.53185015665	0	0	0	0	0	0	0	0	0	0.0265220015784448	0.0177436866179897	0.0037701959705189
52	99610.4036227659	43312.4974640558	-1117.95291512107	0	0	0	0	0	0	0	0	0	703.076603799227	394.428201634004	54.7052913812332	47354.0040789809	26084.9982763439	3642.84090576746	0	0	0	0	0	0	0	0	0	72.0440816740621	40.6068618046449	5.71628272505863	11896.2190740178	12209.9906929696	5862.52892218174	0	0	0	0	0	0	0	0	0	0.0352932977368406	0.0232033756842172	0.00470077157851573
53	99627.7842443238	43314.2803679079	-1121.55654527701	0	0	0	0	0	0	0	0	0	685.636727956346	392.652759924079	58.3294177862465	47353.9674426004	26084.9741136635	3642.83553794554	0	0	0	0	0	0	0	0	0	70.5824168890796	40.6261446204007	6.12513526100318	11896.1844179711	12209.9682553572	5862.52480136017	0	0	0	0	0	0	0	0	0	0.0340461392023761	0.0228645214482893	0.00490782517117359
54	99616.3695732321	43316.3950919553	-1117.64477773519	0	0	0	0	0	0	0	0	0	697.19628241755	390.563525057994	54.3956311065803	47354.0622150364	26085.0361829705	3642.84951535437	0	0	0	0	0	0	0	0	0	70.6547007735819	39.6901388324253	5.57607360932482	11896.2574898893	12210.0173275917	5862.53548107952	0	0	0	0	0	0	0	0	0	0.0124348108561869	0.00817443316441768	0.00166542592480871
55	99648.2947026684	43309.9974057691	-1127.63173853874	0	0	0	0	0	0	0	0	0	665.415147279264	397.180304573223	64.4683757863886	47353.884000776	26084.9236580617	3642.82752646331	0	0	0	0	0	0	0	0	0	70.0576497129361	42.0984016738272	6.96302557234507	11896.2078527894	12209.9829188345	5862.52717254156	0	0	0	0	0	0	0	0	0	0.0515204054960588	0.0349925267225022	0.00767947438348647
56	99660.993550739	43322.4383558486	-1123.15374489887	0	0	0	0	0	0	0	0	0	652.539547241311	384.605355127702	59.952880998809	47353.9258587485	26084.9492801723	3642.83277192391	0	0	0	0	0	0	0	0	0	68.4199968554708	40.5955947663872	6.45347490754602	11896.23338047	12210.002912516	5862.53328138413	0	0	0	0	0	0	0	0	0	0.0624475618014721	0.0419124794464811	0.0089191291399914
57	99664.9330392766	43330.7378150822	-1120.31201459704	0	0	0	0	0	0	0	0	0	648.356025078419	376.131156444707	57.0755269943728	47354.0319281785	26085.0172566182	3642.84568098804	0	0	0	0	0	0	0	0	0	67.4136963336314	39.3477225628023	6.0780042359021	11896.213589877	12209.9882627881	5862.52929829231	0	0	0	0	0	0	0	0	0	0.051986350364181	0.0345482239805401	0.00719640604740856
58	99597.5109360773	43308.9590017054	-1117.14863910568	0	0	0	0	0	0	0	0	0	715.70526334972	397.783565106071	53.8594547174215	47354.0992726086	26085.0660232847	3642.85756604056	0	0	0	0	0	0	0	0	0	72.7860045923569	40.5946958170439	5.55886018988173	11896.2466945922	12210.0113445365	5862.53494089181	0	0	0	0	0	0	0	0	0	0.0228033384923335	0.0149946329632106	0.00304310735536206
59	99529.4037503756	43258.4623754597	-1129.84481521093	0	0	0	0	0	0	0	0	0	784.744292273643	448.900440270091	66.6884973999893	47353.9509548699	26084.9590839439	3642.83116310806	0	0	0	0	0	0	0	0	0	82.8261646686737	47.8268374118883	7.30280955542757	11896.1710162926	12209.9583080819	5862.52200702776	0	0	0	0	0	0	0	0	0	0.0869097271510817	0.0586765950681249	0.0127438161081167
60	99644.732503567	43341.2006633064	-1110.22567124614	0	0	0	0	0	0	0	0	0	667.998018344219	365.245983284814	46.8865663843815	47354.2256878146	26085.1386737933	3642.86735819773	0	0	0	0	0	0	0	0	0	67.4528098564202	36.9604390289347	4.77913945654534	11896.2436671021	12210.008655975	5862.53394759858	0	0	0	0	0	0	0	0	0	0.0149483805460792	0.00962864513581257	0.00185066729593929
61	99715.9583123077	43350.0157303304	-1120.8048665537	0	0	0	0	0	0	0	0	0	597.103331073549	356.773920311098	57.5764551617158	47354.1332425649	26085.0787146405	3642.85538715768	0	0	0	0	0	0	0	0	0	62.2047554151243	37.3677520500481	6.12455684020776	11896.1206657759	12209.9230334725	5862.51379425849	0	0	0	0	0	0	0	0	0	0.0354174625383835	0.024119131089767	0.00531612897488232
62	99544.1642401108	43272.1817209023	-1124.42667709735	0	0	0	0	0	0	0	0	0	769.526394427229	434.865014421503	61.1923405794606	47353.997748722	26084.9950652264	3642.84098528521	0	0	0	0	0	0	0	0	0	79.2248364725603	45.009075499737	6.44075556276806	11896.2572734664	12210.0231785166	5862.54076006641	0	0	0	0	0	0	0	0	0	0.044286515960427	0.0293720949126088	0.00609068866309282
63	99598.8110706602	43301.3123131548	-1121.10540749939	0	0	0	0	0	0	0	0	0	714.486418891085	405.520013329296	57.8459164582584	47354.0852070426	26085.049912823	3642.85116179823	0	0	0	0	0	0	0	0	0	74.2111342067368	42.4002163248296	6.17381407538598	11896.2472900044	12210.011940077	5862.5350972851	0	0	0	0	0	0	0	0	0	0.0658881443870901	0.0434300887457634	0.0088514916599837
64	99581.6044640155	43298.4067690554	-1118.79689316493	0	0	0	0	0	0	0	0	0	731.999296622907	408.57974051575	55.5531954455626	47354.0186747097	26085.0049197848	3642.84104841907	0	0	0	0	0	0	0	0	0	74.8599110555577	41.9674115026956	5.7879394911444	11896.2224682039	12209.9937248475	5862.52991155734	0	0	0	0	0	0	0	0	0	0.0371364094341497	0.0244857614999714	0.0050058636992555
65	99562.9262712565	43283.6806389589	-1122.76148733628	0	0	0	0	0	0	0	0	0	750.868684740149	423.436848785741	59.5450725772025	47353.8057910309	26084.8776888284	3642.82197378165	0	0	0	0	0	0	0	0	0	76.9369452526455	43.5911226109496	6.22168372181072	11896.2574862939	12210.0164561124	5862.53413691438	0	0	0	0	0	0	0	0	0	0.0299982433326562	0.0200898602269976	0.00426682231771254
66	99643.8787457437	43323.3287489243	-1120.13205998887	0	0	0	0	0	0	0	0	0	669.399289891002	383.512563134747	56.8857526160634	47353.9260255303	26084.9493091415	3642.83213016988	0	0	0	0	0	0	0	0	0	68.4909949328044	39.3964443499116	5.91214418783577	11896.2553564552	12210.0177207321	5862.53597018009	0	0	0	0	0	0	0	0	0	0.0216415327290371	0.0143256833507402	0.0029675388683818
67	99619.6490405055	43326.1630684383	-1112.66231447077	0	0	0	0	0	0	0	0	0	693.483935425727	380.520582906958	49.3591117411209	47354.053235532	26085.0356042828	3642.85261466915	0	0	0	0	0	0	0	0	0	70.672658607737	38.9277556051289	5.11484943150575	11896.2199613625	12209.9928261701	5862.53029569576	0	0	0	0	0	0	0	0	0	0.0366964073320898	0.0237190941385982	0.00460278677387563
68	99628.3126192162	43303.8848400863	-1126.13793513098	0	0	0	0	0	0	0	0	0	684.882639785452	402.948284187318	62.9012191759652	47353.9645661864	26084.97345737	3642.83738195133	0	0	0	0	0	0	0	0	0	70.7535476771186	41.8219510890549	6.61732665896857	11896.266726619	12210.0261258246	5862.5380409473	0	0	0	0	0	0	0	0	0	0.0288171366906492	0.0193161861373976	0.00410630881422753
69	99597.7704380791	43303.9614184022	-1119.60427128348	0	0	0	0	0	0	0	0	0	715.677200250329	402.958432050669	56.3609136156846	47354.0155898664	26085.0026031279	3642.84032662384	0	0	0	0	0	0	0	0	0	74.2199583653481	42.0759989708326	6.01411550032412	11896.1771940088	12209.9639711896	5862.52418074616	0	0	0	0	0	0	0	0	0	0.0618012431320684	0.0412520858338023	0.00869746634495718
70	99655.9583859282	43316.2661179444	-1125.83012268604	0	0	0	0	0	0	0	0	0	657.676759914645	390.848943260702	62.6467760287759	47354.0131524427	26085.0044590866	3642.84258998749	0	0	0	0	0	0	0	0	0	69.6868313472243	41.7363755842079	6.83887754257206	11896.2474328651	12210.0138899976	5862.53660799255	0	0	0	0	0	0	0	0	0	0.070468669556991	0.0477421111924106	0.0104145457719032
71	99623.5823580809	43321.3720018252	-1116.311843336	0	0	0	0	0	0	0	0	0	689.536679748343	385.327808337945	53.0202484248935	47354.0625884082	26085.042981016	3642.85589329281	0	0	0	0	0	0	0	0	0	69.9604678699553	39.2116551895583	5.44700220099743	11896.2583216899	12210.0163050199	5862.5338003911	0	0	0	0	0	0	0	0	0	0.0164679348797012	0.0108738514573376	0.0022327496953573
72	99571.8246768567	43295.9745096512	-1118.3710032057	0	0	0	0	0	0	0	0	0	741.330716805699	410.73257179482	55.0760149876889	47354.0585005091	26085.0462209197	3642.85886233938	0	0	0	0	0	0	0	0	0	76.2682430440351	42.4951087531716	5.80414317983621	11896.2495265207	12210.0070001626	5862.52976394273	0	0	0	0	0	0	0	0	0	0.0562526664032734	0.0370471126026444	0.00756285765453884
73	99621.2384316491	43297.1056578315	-1129.49118618854	0	0	0	0	0	0	0	0	0	692.340491309001	409.977733374047	66.3116253173225	47354.0826906543	26085.0442603406	3642.84721463615	0	0	0	0	0	0	0	0	0	73.3244904822998	43.7698392331165	7.2347329996104	11896.2256979709	12209.9949307926	5862.5294923805	0	0	0	0	0	0	0	0	0	0.0630120453728078	0.0428422765439562	0.0094476094100268
74	99663.8633465106	43345.0229254511	-1112.44145120796	0	0	0	0	0	0	0	0	0	649.639205855352	361.892376829004	49.1798763766092	47353.9864362525	26084.9892476013	3642.84083526563	0	0	0	0	0	0	0	0	0	65.8218787168501	36.7684929353062	5.04157641936858	11896.254552888	12210.0192393742	5862.53878884348	0	0	0	0	0	0	0	0	0	0.0159381275986902	0.0104460018388147	0.00210840441290976
75	99558.999970235	43273.4491453079	-1128.25306617116	0	0	0	0	0	0	0	0	0	754.900046378732	433.772110448216	65.0744749929466	47353.9810668158	26084.9790115529	3642.83535943269	0	0	0	0	0	0	0	0	0	79.3704701865846	46.000128249687	7.07535165109009	11896.1926142932	12209.9742232857	5862.52619333695	0	0	0	0	0	0	0	0	0	0.0773945412849154	0.0523727632955647	0.0114329547872583
76	99654.0341868582	43309.8435264071	-1129.76803146039	0	0	0	0	0	0	0	0	0	659.695359214525	397.366033651875	66.6212013974729	47353.9952874513	26084.988191081	3642.83692990539	0	0	0	0	0	0	0	0	0	70.8117228380373	43.0186755026209	7.37743207221028	11896.1945277178	12209.9752377825	5862.52640504028	0	0	0	0	0	0	0	0	0	0.0819140537070585	0.0558756477104108	0.0124070498604452
77	99587.6206804275	43305.9202190519	-1116.29969939827	0	0	0	0	0	0	0	0	0	725.878815137271	400.974036963746	53.0266315212923	47354.0076024073	26085.0024074753	3642.84299815879	0	0	0	0	0	0	0	0	0	73.6751849312834	40.8245407562233	5.45471013466804	11896.2823942956	12210.0387344692	5862.54351291878	0	0	0	0	0	0	0	0	0	0.0216829925147661	0.0140994623164539	0.00277723613954543
78	99663.1676562113	43337.2402232156	-1116.93680428873	0	0	0	0	0	0	0	0	0	650.116677618036	369.600929091263	53.6895242405041	47353.9903389619	26084.9907024891	3642.84031313708	0	0	0	0	0	0	0	0	0	67.5129695193631	38.6506180036077	5.73422300538279	11896.1807660451	12209.9659189661	5862.52419864483	0	0	0	0	0	0	0	0	0	0.0494379062632877	0.0332623866028673	0.00715484904980588
79	99653.3071225613	43333.5039621528	-1116.03617876628	0	0	0	0	0	0	0	0	0	660.064430983701	373.376150209023	52.7846700414285	47353.8253692761	26084.8896341941	3642.8238760722	0	0	0	0	0	0	0	0	0	68.2103691448952	38.8234494762388	5.59671918822583	11896.263715886	12210.0236907152	5862.53819228066	0	0	0	0	0	0	0	0	0	0.0466207554414679	0.0311995549779493	0.00660437616109719
80	99662.7577111826	43343.2877987615	-1113.18108286483	0	0	0	0	0	0	0	0	0	650.454131150504	363.469672237606	49.9012669607251	47354.0428763133	26085.0300305946	3642.85094010191	0	0	0	0	0	0	0	0	0	66.4998164347565	37.32446469677	5.19763830513315	11896.2256551775	12209.9956305213	5862.53051398181	0	0	0	0	0	0	0	0	0	0.0309486913710465	0.0204321685980446	0.00419601995101912
81	99596.4129155376	43312.0643375357	-1115.08397107725	0	0	0	0	0	0	0	0	0	716.742626797451	394.633073084977	51.7824486858952	47354.0262992193	26085.0222937663	3642.85304453555	0	0	0	0	0	0	0	0	0	72.4689372616327	39.9969811979962	5.29100408463964	11896.259986217	12210.0166068359	5862.5332967144	0	0	0	0	0	0	0	0	0	0.0139422414316254	0.00915977347878036	0.00185819628399967
82	99664.8195141902	43334.5377817567	-1118.69517806885	0	0	0	0	0	0	0	0	0	648.065703568324	372.071201175113	55.4106827157979	47354.1437775286	26085.0875895971	3642.85846017886	0	0	0	0	0	0	0	0	0	65.8858237773667	37.9379469544025	5.69867899219334	11896.2342114618	12210.0010813849	5862.53160129624	0	0	0	0	0	0	0	0	0	0.00990266203824092	0.00659524085010899	0.00138554054569667
83	99693.0397024428	43353.8555260699	-1113.23771804531	0	0	0	0	0	0	0	0	0	620.290210981859	353.010990732662	49.9876364186772	47353.9947848559	26084.9912585275	3642.83868485696	0	0	0	0	0	0	0	0	0	63.4862198205197	36.2802491991433	5.20579325356149	11896.1884733586	12209.9724273567	5862.52641050076	0	0	0	0	0	0	0	0	0	0.0302581103165583	0.0198447804930741	0.00397962841178563
84	99639.1192530711	43322.9799249702	-1119.07411574671	0	0	0	0	0	0	0	0	0	674.183308190885	383.879646531951	55.8329708528357	47353.9588055455	26084.9650135726	3642.83252118449	0	0	0	0	0	0	0	0	0	69.3148233376809	39.667503123016	5.85806565510319	11896.2093512927	12209.9830821129	5862.52687447872	0	0	0	0	0	0	0	0	0	0.0326067072886078	0.0217739307454503	0.00459615771091257
85	99579.9291666529	43284.0993742705	-1126.91537908078	0	0	0	0	0	0	0	0	0	733.672851097961	422.946906848864	63.7080972947155	47354.0196816365	26085.0078279742	3642.84232549044	0	0	0	0	0	0	0	0	0	75.7879273457622	43.9295190951113	6.72316396976318	11896.1869295344	12209.9687538256	5862.52429723644	0	0	0	0	0	0	0	0	0	0.0351668661211868	0.0237127482801449	0.00513021806672433
86	99542.2462965009	43266.1431362618	-1128.21882760718	0	0	0	0	0	0	0	0	0	771.435241797197	440.934494043595	65.0111934693776	47353.9831080394	26084.9844648801	3642.83815289937	0	0	0	0	0	0	0	0	0	80.8109952497481	46.55804114892	7.02752235442681	11896.2321259152	12209.9977922984	5862.52941060881	0	0	0	0	0	0	0	0	0	0.0789415271009652	0.0528752431895117	0.0112654932976504
87	99607.8216393491	43323.5714065125	-1110.98074675543	0	0	0	0	0	0	0	0	0	705.263979607183	383.069859408824	47.6647857821061	47354.0805096375	26085.0452768438	3642.84984975715	0	0	0	0	0	0	0	0	0	71.382283575716	38.864963494402	4.87600938585013	11896.2455638449	12210.0121556238	5862.53575298668	0	0	0	0	0	0	0	0	0	0.0287021793595169	0.0181455757596664	0.00330811255712549
88	99540.8255213972	43269.8941424772	-1125.21927102519	0	0	0	0	0	0	0	0	0	772.73889514744	437.089399670485	61.9831725656642	47354.0707668196	26085.0443801568	3642.85138082272	0	0	0	0	0	0	0	0	0	79.846612916365	45.4382323489165	6.56685567570707	11896.1841651167	12209.9687169491	5862.52488067422	0	0	0	0	0	0	0	0	0	0.0540050012474982	0.0361914857199808	0.00770456350038802
89	99605.1658891582	43312.7109319716	-1116.5310173356	0	0	0	0	0	0	0	0	0	708.130615149406	394.083681330772	53.25022867244	47354.0638619342	26085.0493027195	3642.8591800864	0	0	0	0	0	0	0	0	0	72.9846482573798	40.8542627566477	5.62584228019106	11896.2265964535	12209.9940650698	5862.52808454073	0	0	0	0	0	0	0	0	0	0.057067602752511	0.0374072157447	0.00752062920967165
90	99733.4689312115	43358.840415627	-1121.1541947801	0	0	0	0	0	0	0	0	0	579.344440406795	347.802664623378	57.9074838228407	47354.0389132115	26085.0174977755	3642.84286070095	0	0	0	0	0	0	0	0	0	60.7027206638306	36.6538730615172	6.19735716154413	11896.225439723	12209.9942590077	5862.52907991131	0	0	0	0	0	0	0	0	0	0.0409544236458598	0.0278849739949221	0.00617362495010153
91	99718.4955928132	43358.0352522401	-1117.78053143577	0	0	0	0	0	0	0	0	0	594.775845571384	348.845580886383	54.5556787782628	47353.9541583364	26084.9684618545	3642.83677778835	0	0	0	0	0	0	0	0	0	61.6432232956636	36.3514395292546	5.77359681888538	11896.2452022905	12210.0067102831	5862.53138953106	0	0	0	0	0	0	0	0	0	0.0330292722068865	0.0222795481293384	0.00482029730763175
92	99665.9642330063	43342.6660663586	-1114.72009158295	0	0	0	0	0	0	0	0	0	647.550053409075	364.281826188413	51.4781350966718	47354.0542471622	26085.0330303799	3642.85033227849	0	0	0	0	0	0	0	0	0	67.2534170633763	38.1034701318341	5.50303175279035	11896.1881658287	12209.9692135014	5862.52380690418	0	0	0	0	0	0	0	0	0	0.0640863749501266	0.0421798076002953	0.00859135567773859
93	99585.8675958417	43296.1232760461	-1121.93354575071	0	0	0	0	0	0	0	0	0	727.939558778854	411.011557252905	58.7294540473541	47353.9428781107	26084.9557072042	3642.83113268394	0	0	0	0	0	0	0	0	0	76.6973904435177	43.7239898593813	6.43301320217111	11896.2059955464	12209.981984732	5862.52694118712	0	0	0	0	0	0	0	0	0	0.102548260936425	0.068387956042096	0.0143987032592494
94	99602.2752911217	43304.8541977547	-1119.95164251259	0	0	0	0	0	0	0	0	0	711.002558124346	401.96485628573	56.691000237775	47354.011274761	26085.0024248055	3642.84137228332	0	0	0	0	0	0	0	0	0	73.094590343947	41.5369431560062	5.95414558310597	11896.2616670904	12210.0199823025	5862.53541816015	0	0	0	0	0	0	0	0	0	0.0418293920326766	0.0278675535214425	0.00583854616396823
95	99664.5265227831	43338.2395932788	-1116.37873290351	0	0	0	0	0	0	0	0	0	648.345630851645	368.348387196453	53.0835465933061	47353.9867175123	26084.9876724169	3642.8396924002	0	0	0	0	0	0	0	0	0	65.9307875461735	37.5757286633446	5.467480774055	11896.2632596584	12210.0238913346	5862.53916768375	0	0	0	0	0	0	0	0	0	0.0149586212679886	0.00992359633636183	0.00206390807539962
96	99646.7694340306	43317.9993620614	-1122.92253229912	0	0	0	0	0	0	0	0	0	666.704294244907	388.985513410646	59.7062265609648	47353.9926136405	26084.9940329976	3642.84188535267	0	0	0	0	0	0	0	0	0	69.7661603656004	40.9906638954122	6.42208605397616	11896.2512293543	12210.0127499848	5862.53446295235	0	0	0	0	0	0	0	0	0	0.0571313436248373	0.0385543719431204	0.00832195760471685
97	99561.0202729772	43274.4923515562	-1126.94610473888	0	0	0	0	0	0	0	0	0	752.341679086097	432.398425807945	63.7029417810111	47354.0538554974	26085.0375817324	3642.85435106051	0	0	0	0	0	0	0	0	0	78.3145104010837	45.3087702542414	6.81036590296881	11896.2416663925	12210.0019836963	5862.52878626307	0	0	0	0	0	0	0	0	0	0.0613815088804022	0.0410005329069314	0.00864915584082286
98	99533.4985335089	43251.2463890508	-1133.6203906892	0	0	0	0	0	0	0	0	0	780.600148140622	456.119801988645	70.4722789209116	47353.9725297007	26084.9762911209	3642.83535313186	0	0	0	0	0	0	0	0	0	81.7422474455381	48.0980833745637	7.58276665812388	11896.2108650604	12209.9851004364	5862.52781549325	0	0	0	0	0	0	0	0	0	0.0586615977163654	0.0396153096601334	0.00857463201166003
99	99610.8515059256	43318.2067758174	-1115.06925678096	0	0	0	0	0	0	0	0	0	702.327977927073	388.523841843778	51.7814282782934	47353.9779946437	26084.981809935	3642.83840506674	0	0	0	0	0	0	0	0	0	72.7394441262449	40.5133062022025	5.52037052216195	11896.2447861715	12210.0147891254	5862.53821326609	0	0	0	0	0	0	0	0	0	0.0832701725512045	0.0542864991680274	0.0107767974212147
100	99670.9298259448	43346.4879157476	-1113.55530018133	0	0	0	0	0	0	0	0	0	642.213059998319	360.243426803332	50.2791929053052	47353.9840412318	26084.9934319692	3642.84377645233	0	0	0	0	0	0	0	0	0	65.4487069951605	36.8468082963509	5.20127390566866	11896.1966225179	12209.9749657114	5862.52519726904	0	0	0	0	0	0	0	0	0	0.0238021361979186	0.0154927094668331	0.00306913892995107
101	99618.3998947783	43329.7094887239	-1110.64434647239	0	0	0	0	0	0	0	0	0	694.58093460728	376.857082979131	47.3129724385999	47354.1630036648	26085.1079296824	3642.86736121757	0	0	0	0	0	0	0	0	0	70.2737578720686	38.2214720202471	4.83862106961318	11896.2611028386	12210.0193820363	5862.53477178281	0	0	0	0	0	0	0	0	0	0.0231320134719934	0.0147001875979456	0.00272755937656655
102	99630.8082141723	43315.0163980204	-1121.27279445004	0	0	0	0	0	0	0	0	0	682.565870826137	391.88115515827	58.0333510830987	47354.0729714737	26085.0463400028	3642.85224508421	0	0	0	0	0	0	0	0	0	70.2926912055855	40.5627771175295	6.09904799237625	11896.2130748638	12209.9856741323	5862.5276875535	0	0	0	0	0	0	0	0	0	0.0345124391093246	0.0231960662704456	0.00497540277683881
103	99602.2298258099	43310.6208663443	-1117.05180105208	0	0	0	0	0	0	0	0	0	711.257617080605	396.292658077256	53.7951872279876	47354.0549218769	26085.0349335835	3642.84991881334	0	0	0	0	0	0	0	0	0	73.0353176681965	40.9053667825699	5.64720508220766	11896.1939777532	12209.9735487933	5862.52508517143	0	0	0	0	0	0	0	0	0	0.049453615403592	0.0325068249369639	0.00657789460379247
104	99649.7027018315	43319.8295993665	-1122.4286939816	0	0	0	0	0	0	0	0	0	663.689357207849	387.108728743106	59.2041904778202	47353.8726409062	26084.9206814558	3642.82957394407	0	0	0	0	0	0	0	0	0	69.3787655533271	40.7473296942917	6.36089079325361	11896.2522019538	12210.0159036537	5862.53650540627	0	0	0	0	0	0	0	0	0	0.0514649505580368	0.0348274390802457	0.00757208294745851
105	99627.4584470245	43306.8267603289	-1125.623923368	0	0	0	0	0	0	0	0	0	685.970950333493	400.139439966758	62.4127755360523	47353.9387628129	26084.9556390637	3642.83309617854	0	0	0	0	0	0	0	0	0	70.7569938688533	41.4739514539438	6.55650111227288	11896.2400740021	12210.0042687304	5862.53137408157	0	0	0	0	0	0	0	0	0	0.0251483074476032	0.0169737164072166	0.00368342064309755
106	99534.0481721289	43279.4778816929	-1118.94582618338	0	0	0	0	0	0	0	0	0	779.434761810622	427.406691115783	55.6749000608854	47353.9786515178	26084.9838666959	3642.83942108838	0	0	0	0	0	0	0	0	0	79.6423544317267	43.8594921190531	5.79472625817332	11896.227326507	12209.9992661917	5862.53280202929	0	0	0	0	0	0	0	0	0	0.0489693117794051	0.0316245322016775	0.0061372953899846
107	99626.5266772644	43305.4944265097	-1125.4783888936	0	0	0	0	0	0	0	0	0	686.861229863421	401.445341279927	62.2588845231618	47354.0365153059	26085.0221395684	3642.84755374921	0	0	0	0	0	0	0	0	0	72.3840801085664	42.6355271243937	6.76024072221199	11896.236280624	12210.0016398323	5862.53108758852	0	0	0	0	0	0	0	0	0	0.0771750186182207	0.0516463993646626	0.0109550482696974
108	99669.5848671488	43338.1883428948	-1117.92434417204	0	0	0	0	0	0	0	0	0	643.414459080873	368.493003645746	54.6551004793037	47353.9902108155	26084.9903307177	3642.83980655179	0	0	0	0	0	0	0	0	0	65.6375523170317	37.7283088181676	5.65628043222157	11896.2489214817	12210.0099146298	5862.53243525728	0	0	0	0	0	0	0	0	0	0.0157679463597313	0.0106417714098271	0.00230848498458802
109	99654.545964181	43349.9154240148	-1107.4745586314	0	0	0	0	0	0	0	0	0	658.347603820534	356.627797678382	44.1508045945116	47353.9873442998	26084.9904164717	3642.84105378767	0	0	0	0	0	0	0	0	0	66.8826240426617	36.3527989656669	4.55406152728987	11896.2305357957	12209.9998066397	5862.53145337928	0	0	0	0	0	0	0	0	0	0.0341821459713184	0.0220141148642385	0.00421807014819785
110	99546.2692525095	43268.2502033306	-1128.19768155722	0	0	0	0	0	0	0	0	0	767.922443488166	439.119506753876	65.0326530193717	47354.0033673395	26085.0005030706	3642.84269255684	0	0	0	0	0	0	0	0	0	80.4117067477952	46.3536636821816	7.02937443102608	11896.2213034634	12209.9925247054	5862.5298063932	0	0	0	0	0	0	0	0	0	0.0728099643729058	0.0490569726398532	0.0106080718995903
111	99594.5850020894	43289.4160523567	-1126.97858941579	0	0	0	0	0	0	0	0	0	719.158119414739	417.711328926925	63.7781813007339	47353.9693682978	26084.9834642394	3642.84182998965	0	0	0	0	0	0	0	0	0	73.9546220692049	43.1479019854409	6.67379232370053	11896.2569477202	12210.0192373277	5862.53788610143	0	0	0	0	0	0	0	0	0	0.0234141977602077	0.0156893392627767	0.00334081031030675
112	99690.9398194198	43361.1068563134	-1109.72368945595	0	0	0	0	0	0	0	0	0	622.232214364777	345.627232633077	46.4409974652833	47353.9864365169	26084.9847064861	3642.83821193662	0	0	0	0	0	0	0	0	0	63.2603528147125	35.2577209084301	4.79005431912492	11896.2712797697	12210.0249671579	5862.53550261842	0	0	0	0	0	0	0	0	0	0.0247634689390201	0.0160740310424751	0.0031549965534718
113	99692.8745441937	43352.0116038752	-1115.4630940792	0	0	0	0	0	0	0	0	0	620.153051640168	354.684850040671	52.1923273678339	47353.860552175	26084.9137167482	3642.82889928686	0	0	0	0	0	0	0	0	0	63.6733961773931	36.5916875928534	5.46262005201612	11896.23970545	12210.0069518629	5862.53416533213	0	0	0	0	0	0	0	0	0	0.0277645346604227	0.0186770889604031	0.0040147483862575
114	99624.4308958476	43325.7776215265	-1114.23998688409	0	0	0	0	0	0	0	0	0	688.778386767772	380.975617668883	50.9602066266882	47354.0314178207	26085.0172929211	3642.84597092675	0	0	0	0	0	0	0	0	0	70.7301061105052	39.3310457577092	5.35296074106451	11896.1684411432	12209.9575612047	5862.52280612914	0	0	0	0	0	0	0	0	0	0.0481340716275617	0.0315003303933674	0.00631509026972081
115	99642.1202808178	43326.8030265276	-1117.02883177482	0	0	0	0	0	0	0	0	0	671.452701777645	380.194293807406	53.7955208211989	47353.8597757912	26084.9113161695	3642.82759058328	0	0	0	0	0	0	0	0	0	69.3388775129941	39.488157205584	5.6888883947954	11896.2353961682	12210.0034776495	5862.53303000123	0	0	0	0	0	0	0	0	0	0.0529080639114357	0.0346332354278365	0.00694271209950082
116	99716.1730305155	43362.5929837012	-1114.97345728493	0	0	0	0	0	0	0	0	0	596.714498823245	344.039963353326	51.7035015059241	47354.0187210835	26085.0056386182	3642.84079127075	0	0	0	0	0	0	0	0	0	61.6414358740998	35.7309723646787	5.45449232517187	11896.1927432989	12209.9717341088	5862.52434214894	0	0	0	0	0	0	0	0	0	0.0409453802219885	0.0271899808122511	0.00566269770387994
117	99685.699579578	43359.7988251824	-1109.18859232095	0	0	0	0	0	0	0	0	0	626.991810126911	346.657965083449	45.8623880924057	47353.9854701182	26084.9849772989	3642.83814274791	0	0	0	0	0	0	0	0	0	63.7062164322993	35.3388257757629	4.72694966152095	11896.2478610548	12210.0140850898	5862.53724512054	0	0	0	0	0	0	0	0	0	0.0231576704331569	0.0151485806914204	0.00303613664553138
118	99673.0983843914	43350.2226404323	-1111.57556898272	0	0	0	0	0	0	0	0	0	639.982411136192	356.464653053094	48.2869139906916	47354.0027337302	26084.998304444	3642.84182433568	0	0	0	0	0	0	0	0	0	64.8422705105787	36.21728800772	4.95093515287872	11896.2191375337	12209.9924265283	5862.53070307887	0	0	0	0	0	0	0	0	0	0.0152989063844924	0.0100486792377275	0.00203009921725029
119	99679.930958561	43354.9994436193	-1110.43635626876	0	0	0	0	0	0	0	0	0	633.10563993953	351.652906193825	47.1390925795759	47353.9788913618	26084.989489824	3642.84299079194	0	0	0	0	0	0	0	0	0	64.4804782493716	35.9497996958911	4.8791001890934	11896.2510885825	12210.0115552187	5862.53293830806	0	0	0	0	0	0	0	0	0	0.025711127898582	0.0168445922877336	0.00338235744950032
120	99693.9664081406	43360.4026866662	-1111.11859102879	0	0	0	0	0	0	0	0	0	619.287935749749	346.385037074539	47.8462113114104	47353.9050604665	26084.9466065168	3642.83664699432	0	0	0	0	0	0	0	0	0	63.1112154853873	35.4325530005626	4.95265872104935	11896.2148519201	12209.9892848356	5862.52980241289	0	0	0	0	0	0	0	0	0	0.0238806359487454	0.0156082529837597	0.00312860821908424
121	99587.145864131	43304.1635793244	-1116.79268147482	0	0	0	0	0	0	0	0	0	726.207929267244	402.67293840708	53.5237681408067	47353.9939377599	26084.9928133382	3642.84022839145	0	0	0	0	0	0	0	0	0	75.7736309962033	42.3573969059811	5.78304618839691	11896.2173303764	12209.9907520906	5862.5293845503	0	0	0	0	0	0	0	0	0	0.108781598915606	0.0713306493490568	0.0143505157556868
122	99562.3756054141	43288.0663399874	-1119.97201514975	0	0	0	0	0	0	0	0	0	751.116407525677	418.847395917798	56.7120153231307	47354.0311354348	26085.0176619145	3642.84673057258	0	0	0	0	0	0	0	0	0	76.7020374721077	42.9485183679877	5.89430851403896	11896.2409750831	12210.0060207384	5862.53269528934	0	0	0	0	0	0	0	0	0	0.0323213819094975	0.0212424577659149	0.00429343936713461
123	99606.9214108762	43308.8968812694	-1119.76752801355	0	0	0	0	0	0	0	0	0	706.343335237982	397.903910182482	56.5024833516286	47354.0808801665	26085.0516343365	3642.85358032259	0	0	0	0	0	0	0	0	0	72.7891619945158	41.2302151693721	5.95330419645091	11896.2500409209	12210.0089608524	5862.53185205458	0	0	0	0	0	0	0	0	0	0.0514533890512238	0.0339420835443207	0.00698150021620211
124	99660.5864917344	43318.5576508037	-1125.81245745885	0	0	0	0	0	0	0	0	0	652.905047702645	388.474728379408	62.6187060570905	47354.0221747297	26085.0098953552	3642.84306471625	0	0	0	0	0	0	0	0	0	69.2987197998737	41.5546201985046	6.84588868948053	11896.2259882997	12209.9985426286	5862.53280414842	0	0	0	0	0	0	0	0	0	0.0746372727018751	0.0501587254580561	0.0107171023149159
125	99600.1712005854	43302.8007589432	-1121.03089358526	0	0	0	0	0	0	0	0	0	713.274243112697	404.112942172756	57.7834546317202	47354.0964481737	26085.056716625	3642.8524669468	0	0	0	0	0	0	0	0	0	73.4359676870516	41.8335297705992	6.08367161883566	11896.2658808336	12210.0237192233	5862.53720426425	0	0	0	0	0	0	0	0	0	0.0378701139665941	0.0253996520446679	0.00541963887809963
126	99563.8874764449	43276.1756924449	-1127.57090663303	0	0	0	0	0	0	0	0	0	749.640124308818	430.815023409329	64.3482492922688	47354.0164417974	26085.0039042026	3642.84110098213	0	0	0	0	0	0	0	0	0	77.7630984335791	44.9675089484306	6.83960801372354	11896.2394563018	12210.0093702673	5862.53604976127	0	0	0	0	0	0	0	0	0	0.0495039760070856	0.0333120854618138	0.00717305669973182
127	99668.4651458851	43338.8995760179	-1117.38556716004	0	0	0	0	0	0	0	0	0	644.747041907268	367.887502728553	54.1227029343098	47354.04798468	26085.0330891121	3642.85360962017	0	0	0	0	0	0	0	0	0	65.8954699305527	37.746800037555	5.61751828293884	11896.2603076939	12210.0174736751	5862.53377092884	0	0	0	0	0	0	0	0	0	0.0223868826288553	0.0148699067128816	0.00311084836121189
128	99623.8290948077	43321.8284521745	-1116.63110246547	0	0	0	0	0	0	0	0	0	689.781294831765	385.163706322995	53.3920741304227	47353.9898684745	26084.9905765168	3642.84036745656	0	0	0	0	0	0	0	0	0	71.2777901468282	40.0459520629841	5.65781615192779	11896.2025813829	12209.981554548	5862.52829652403	0	0	0	0	0	0	0	0	0	0.0640494854666224	0.0418855948386405	0.00842981158387904
129	99570.1356306022	43285.9576407296	-1122.87681732142	0	0	0	0	0	0	0	0	0	743.160360294045	420.864937001672	59.6107684652031	47354.059613191	26085.0429441793	3642.85639270954	0	0	0	0	0	0	0	0	0	75.93415242988	43.1738904544469	6.1918331356555	11896.2323150382	12209.9980525358	5862.52914486469	0	0	0	0	0	0	0	0	0	0.0267301645381837	0.0177038636512193	0.00365682382791407
130	99678.5480883915	43348.9277372524	-1114.04464350003	0	0	0	0	0	0	0	0	0	634.13093879621	357.546340577205	50.7344895874132	47353.9818570172	26084.9829149213	3642.83842304053	0	0	0	0	0	0	0	0	0	64.8219096149223	36.7010114270255	5.27464891188103	11896.2713776548	12210.0254980488	5862.53590659263	0	0	0	0	0	0	0	0	0	0.0286733314579875	0.018947299633717	0.00390953279872137
131	99626.7555586652	43310.8140085516	-1123.00873738095	0	0	0	0	0	0	0	0	0	686.764058448548	396.182322480093	59.790739684035	47353.8793000738	26084.9231689206	3642.82946237537	0	0	0	0	0	0	0	0	0	70.4203621556604	40.7975988033024	6.23344100533577	11896.2114385588	12209.9872926665	5862.52950283633	0	0	0	0	0	0	0	0	0	0.0213387889824188	0.0142950893751197	0.00304378584305762
132	99622.0892329809	43319.9746004454	-1116.1115718834	0	0	0	0	0	0	0	0	0	690.937216041446	386.675000947369	52.8118683334104	47354.0775534329	26085.0485885132	3642.85458118408	0	0	0	0	0	0	0	0	0	71.0041353134104	39.934235492827	5.54177581333486	11896.2611263548	12210.0213756653	5862.53663727172	0	0	0	0	0	0	0	0	0	0.0515800680649483	0.0332593148822378	0.00640636975223217
133	99561.7180586907	43300.687142949	-1113.22836726918	0	0	0	0	0	0	0	0	0	751.46653499698	405.996118923708	49.9128480863962	47354.0989457238	26085.0665102171	3642.86000526712	0	0	0	0	0	0	0	0	0	75.7186799526427	40.9735847476243	5.06516276044349	11896.219090238	12209.9898100182	5862.52771324035	0	0	0	0	0	0	0	0	0	0.0148832329068509	0.0094199185769469	0.00172663075158234
134	99646.0379502132	43333.4977660323	-1114.88524232858	0	0	0	0	0	0	0	0	0	666.972256285612	373.145349556914	51.5884227986137	47353.9923087986	26084.9902820774	3642.83984324689	0	0	0	0	0	0	0	0	0	67.9172221759347	38.1287882794206	5.32903942845751	11896.2970264953	12210.0474890735	5862.54489863561	0	0	0	0	0	0	0	0	0	0.0255387403493596	0.0166197193375839	0.00329632451698222
135	99520.3561508904	43262.2022513605	-1125.2311986129	0	0	0	0	0	0	0	0	0	793.652310172306	445.020129555553	62.0255477805747	47353.9919864407	26084.986992363	3642.8375435734	0	0	0	0	0	0	0	0	0	82.0775763354187	46.3129155786845	6.58278461112689	11896.2445101124	12210.0108693204	5862.53532007629	0	0	0	0	0	0	0	0	0	0.0603112732959691	0.0398041321663875	0.00818125424055433
136	99591.1627446039	43306.9699839311	-1115.83947947535	0	0	0	0	0	0	0	0	0	722.324093379681	399.930909198894	52.5716132058512	47353.9976309565	26084.9935128402	3642.83988310361	0	0	0	0	0	0	0	0	0	73.8426271641896	41.056234410117	5.47290778318585	11896.2335598741	12210.006737547	5862.53628018967	0	0	0	0	0	0	0	0	0	0.0471619809738398	0.0302832978815909	0.00575103273723991
137	99603.3313687782	43287.4554680637	-1129.35272217649	0	0	0	0	0	0	0	0	0	710.566935342652	419.801585556774	66.1850078640218	47353.9286260996	26084.9517699637	3642.83333094839	0	0	0	0	0	0	0	0	0	74.3931283520013	44.2333579189857	7.10370052258873	11896.2714127431	12210.0308640637	5862.54137120622	0	0	0	0	0	0	0	0	0	0.05053659714128	0.0339789463274946	0.00727155894908855
138	99603.7808154808	43281.5758785797	-1134.17994872675	0	0	0	0	0	0	0	0	0	709.969897970564	425.628745864211	71.0271069615087	47353.8442586315	26084.9041179064	3642.82686213789	0	0	0	0	0	0	0	0	0	75.5126067613227	45.6216318459425	7.76841358139977	11896.2431332344	12210.0052058617	5862.53079218123	0	0	0	0	0	0	0	0	0	0.0616751899403674	0.0421302644577526	0.00940005987137471
139	99646.9737040606	43312.7755135548	-1126.93734357309	0	0	0	0	0	0	0	0	0	666.578344875105	394.290801429773	63.7554071569931	47354.0422518734	26085.0157251081	3642.84076745162	0	0	0	0	0	0	0	0	0	70.0623631878923	41.7283373264469	6.87226346578563	11896.227492971	12209.9960523471	5862.52947281357	0	0	0	0	0	0	0	0	0	0.0541870393949526	0.0366546712378767	0.00800362694264731
140	99641.7486843381	43321.2823178194	-1120.78780913355	0	0	0	0	0	0	0	0	0	671.449784241959	385.524837715901	57.5404170990105	47353.9582151215	26084.9712062756	3642.83718039037	0	0	0	0	0	0	0	0	0	69.8931644995744	40.4101796159854	6.15578469622602	11896.2137216223	12209.9873026073	5862.52912538433	0	0	0	0	0	0	0	0	0	0.0527547591959183	0.0355964532189686	0.0077162339916358
141	99676.1345867664	43334.5075850741	-1119.89771244442	0	0	0	0	0	0	0	0	0	637.089361700429	372.328629823765	56.6528852898226	47354.0752690138	26085.0477073913	3642.85369310605	0	0	0	0	0	0	0	0	0	65.8280635702131	38.6614701811502	5.97095753015993	11896.2255408069	12209.996296978	5862.53096467563	0	0	0	0	0	0	0	0	0	0.0388863725697132	0.0258845046867563	0.00539832986964928
142	99625.7475505395	43318.6429097869	-1118.75550538252	0	0	0	0	0	0	0	0	0	687.735620645666	388.292867272604	55.5157690788091	47354.014655711	26085.0042080216	3642.84164841306	0	0	0	0	0	0	0	0	0	69.8773409883592	39.5714429186416	5.70913939752933	11896.2190310629	12209.9899591966	5862.52845817595	0	0	0	0	0	0	0	0	0	0.0148450429427814	0.00970018400239481	0.0019473118279166
143	99649.6354240615	43327.465881847	-1118.31095812432	0	0	0	0	0	0	0	0	0	663.831663601327	379.472693286166	55.0683729504219	47353.9910000434	26084.9942743909	3642.84287402209	0	0	0	0	0	0	0	0	0	67.6219894254299	38.7842454520763	5.68626716203747	11896.2650272124	12210.0236538735	5862.53839391035	0	0	0	0	0	0	0	0	0	0.0167931098440178	0.0111579765857563	0.00232628724359678
144	99661.9501538987	43318.1757009153	-1127.21719063036	0	0	0	0	0	0	0	0	0	651.718478147777	388.975533604767	64.0526061027593	47353.8982611489	26084.930078278	3642.82819120496	0	0	0	0	0	0	0	0	0	68.2359184516327	40.9703463077173	6.85431763167424	11896.2263019081	12209.9952349725	5862.52958684578	0	0	0	0	0	0	0	0	0	0.0384184130976937	0.0260730782454577	0.00572873051338463
145	99637.3913728583	43316.3654327128	-1121.71198226423	0	0	0	0	0	0	0	0	0	675.891951093605	390.49675400803	58.4721828953575	47353.9897899213	26084.9854171906	3642.83706101187	0	0	0	0	0	0	0	0	0	70.5764508267722	41.0584960566763	6.27590361196116	11896.2504083697	12210.0159570387	5862.53713458674	0	0	0	0	0	0	0	0	0	0.0644126751171684	0.0429990371720759	0.00906292874882531
146	99633.0314535182	43309.9524116021	-1124.89454838761	0	0	0	0	0	0	0	0	0	680.598301894668	397.136089903545	61.7036461253901	47353.9619637127	26084.969622196	3642.83457806814	0	0	0	0	0	0	0	0	0	70.4841253874733	41.3509537812989	6.52320177577836	11896.1570882801	12209.950588124	5862.5214284525	0	0	0	0	0	0	0	0	0	0.0332388425665762	0.0223511978769609	0.0048063611399548
147	99611.4405691475	43315.2985541663	-1115.87021163538	0	0	0	0	0	0	0	0	0	701.936588124331	391.55677492449	52.6022671448622	47353.8501252658	26084.9066746953	3642.82737584978	0	0	0	0	0	0	0	0	0	71.7855814042333	40.2198419706473	5.48245778782376	11896.2656418502	12210.0236608938	5862.53757545858	0	0	0	0	0	0	0	0	0	0.0372465307650656	0.0244167667739724	0.00487873096308384
148	99661.1647663255	43312.2719051963	-1129.73480734541	0	0	0	0	0	0	0	0	0	652.299825279149	394.778308080345	66.5579341354633	47353.9596784521	26084.9711881802	3642.83662253193	0	0	0	0	0	0	0	0	0	69.5650625028135	42.4114134812769	7.29246836004468	11896.1923565885	12209.9761427051	5862.52822892831	0	0	0	0	0	0	0	0	0	0.0734195488402689	0.0499929477726435	0.011050224952274
149	99577.5012090998	43290.0441522628	-1123.07898245376	0	0	0	0	0	0	0	0	0	736.049719329034	416.938332677301	59.8472804178248	47353.9592614768	26084.9693117594	3642.83603209481	0	0	0	0	0	0	0	0	0	76.0799573925058	43.3479438159393	6.33287585798628	11896.2415227428	12210.0067460476	5862.53257048036	0	0	0	0	0	0	0	0	0	0.0580510147184901	0.0381370864608722	0.00774414357989962
150	99609.6405980445	43318.9551099805	-1114.10484191626	0	0	0	0	0	0	0	0	0	703.394517891477	387.680914294574	50.800501039238	47354.0900847637	26085.0499491635	3642.84649582131	0	0	0	0	0	0	0	0	0	71.7032824018105	39.6727055681448	5.26614491978814	11896.2498931104	12210.0168919287	5862.53870401687	0	0	0	0	0	0	0	0	0	0.0345973838945168	0.0224786941348065	0.00442253006843947
151	99570.480112761	43283.7201384682	-1124.99486112906	0	0	0	0	0	0	0	0	0	743.09751846664	423.297481176643	61.7780311990837	47353.9652652382	26084.9715916035	3642.83427544253	0	0	0	0	0	0	0	0	0	77.6937003508671	44.6104667664714	6.66794753096234	11896.1899965566	12209.9718470377	5862.52532761238	0	0	0	0	0	0	0	0	0	0.0765398198584072	0.0514369661814237	0.0110281974425784
152	99678.9535529459	43342.3813109066	-1116.87240300514	0	0	0	0	0	0	0	0	0	634.081163686317	364.314864803853	53.5973247597318	47354.0571793384	26085.0353268038	3642.85013210224	0	0	0	0	0	0	0	0	0	64.9238368599989	37.4546816022276	5.57907575966052	11896.2615197021	12210.0213209483	5862.53704785127	0	0	0	0	0	0	0	0	0	0.025423697367374	0.0169006286361649	0.0035166264504614
153	99668.3143183454	43343.3143195409	-1114.49479303229	0	0	0	0	0	0	0	0	0	645.068733690258	363.563613433663	51.2421318836735	47353.8645457179	26084.9158522667	3642.82933330428	0	0	0	0	0	0	0	0	0	66.0550686514406	37.4011533420728	5.34823612595069	11896.2562218482	12210.0165335482	5862.53458956634	0	0	0	0	0	0	0	0	0	0.0286352495709122	0.0190484466629335	0.00398727062462723
154	99667.5247211689	43345.4459471683	-1112.98115118218	0	0	0	0	0	0	0	0	0	645.460225451738	361.196258686146	49.6930189083439	47353.9942315353	26084.989373785	3642.83876634321	0	0	0	0	0	0	0	0	0	65.3138955832135	36.6408253750353	5.08188490862972	11896.275446921	12210.0240004553	5862.53250395344	0	0	0	0	0	0	0	0	0	0.0105443503856601	0.00698673598909824	0.00144667073805723
155	99673.4652004864	43336.9203131911	-1119.37668837356	0	0	0	0	0	0	0	0	0	639.676313591279	369.852976205587	56.1233209683061	47354.0652072679	26085.0393315891	3642.85031876875	0	0	0	0	0	0	0	0	0	65.8292488406039	38.2383661743833	5.88006467781724	11896.2319886241	12209.9999891403	5862.53149719264	0	0	0	0	0	0	0	0	0	0.0294004136101026	0.0194944087610483	0.00405152995568388
156	99695.1682431773	43345.0982021947	-1119.8930169986	0	0	0	0	0	0	0	0	0	617.985798084663	361.701318278556	56.6500003359664	47353.9525124977	26084.9648995721	3642.83505502423	0	0	0	0	0	0	0	0	0	63.76312131639	37.5021750510574	5.95454657776738	11896.2817526939	12210.038242143	5862.54285984918	0	0	0	0	0	0	0	0	0	0.0252131915586074	0.0170912189020933	0.00374128154955902
157	99635.8266543425	43335.8579659918	-1110.95843413358	0	0	0	0	0	0	0	0	0	677.391201602776	370.863864984477	47.6563174901771	47354.1027892491	26085.0638404498	3642.85750805613	0	0	0	0	0	0	0	0	0	68.5944711098681	37.6601857971718	4.88621261481886	11896.2790494824	12210.0286464829	5862.53564777128	0	0	0	0	0	0	0	0	0	0.0200727569055573	0.0131097237389897	0.00261649834972837
158	99549.7224943994	43280.8712240515	-1121.17267456828	0	0	0	0	0	0	0	0	0	763.954474635915	426.152758952059	57.9328799019127	47354.0604616618	26085.036588871	3642.8493869427	0	0	0	0	0	0	0	0	0	78.3071429775081	43.8804099184332	6.05253615812514	11896.1578547157	12209.950320834	5862.52074046049	0	0	0	0	0	0	0	0	0	0.0477476903337664	0.030741927070304	0.00589969090341895
159	99608.7204550998	43320.5654141714	-1112.94788401226	0	0	0	0	0	0	0	0	0	704.513675984762	386.172785791809	49.6505061475132	47354.0450650451	26085.0316757265	3642.85246868007	0	0	0	0	0	0	0	0	0	71.8390213212331	39.526604095782	5.14661674352627	11896.2371375303	12210.0016859725	5862.53084783676	0	0	0	0	0	0	0	0	0	0.0454402854337163	0.0289489652908645	0.00540498642629777
160	99665.6067931891	43342.8233165846	-1113.7228275161	0	0	0	0	0	0	0	0	0	647.775456233399	364.039022765698	50.4590297959049	47354.0353191675	26085.0283914713	3642.85445614473	0	0	0	0	0	0	0	0	0	66.4952098962938	37.5543159231067	5.28812685201192	11896.2273589979	12209.9934766244	5862.52714992119	0	0	0	0	0	0	0	0	0	0.0406901139872487	0.0266993678958865	0.00539788580236292
161	99610.1856944213	43325.3496752635	-1111.10100095308	0	0	0	0	0	0	0	0	0	703.079173184542	381.383213903516	47.7960260580169	47354.0876893396	26085.0567898576	3642.85504240137	0	0	0	0	0	0	0	0	0	71.5922812653347	38.9776603352225	4.94601286301757	11896.256890592	12210.0168791668	5862.53532074318	0	0	0	0	0	0	0	0	0	0.0427803535277767	0.0271742386247653	0.0050207039088643
162	99593.931533412	43317.3048595777	-1111.37173361643	0	0	0	0	0	0	0	0	0	719.254202409826	389.381396561153	48.0552555565998	47354.0312679197	26085.0246053738	3642.85303806008	0	0	0	0	0	0	0	0	0	72.8521744199247	39.5429121431698	4.92463221396688	11896.2509038622	12210.0150352966	5862.53534763829	0	0	0	0	0	0	0	0	0	0.0299127831007828	0.0189995401530643	0.0035039494697531
163	99613.7357800865	43317.8913948208	-1116.00976977149	0	0	0	0	0	0	0	0	0	699.73922287457	389.013446641434	52.7519879086215	47354.0013482742	26084.9963842855	3642.84074152468	0	0	0	0	0	0	0	0	0	71.5240503214356	39.940146248746	5.49467865763973	11896.225948925	12209.9968338892	5862.53151668684	0	0	0	0	0	0	0	0	0	0.0348285895420052	0.0230224197453038	0.00474479955455048
164	99614.6927394713	43325.1040010217	-1111.98462133415	0	0	0	0	0	0	0	0	0	698.278511418183	381.482146061458	48.6657725926683	47354.0512115408	26085.0274844383	3642.84665336355	0	0	0	0	0	0	0	0	0	71.4363228647547	39.2075269182579	5.08111669985545	11896.2951142368	12210.0433087904	5862.54175879629	0	0	0	0	0	0	0	0	0	0.0533399838614391	0.0345415573778956	0.00674063398406632
165	99616.9704171451	43315.1460956474	-1117.66677357499	0	0	0	0	0	0	0	0	0	696.526239138788	391.795937062676	54.4215402445191	47353.9603246563	26084.9681996873	3642.83479786684	0	0	0	0	0	0	0	0	0	71.4860529187449	40.4149417016596	5.70611625926283	11896.2424627326	12210.0087757573	5862.53450324673	0	0	0	0	0	0	0	0	0	0.0375483033632291	0.0251045960442339	0.00530770076629667
166	99641.3880955463	43323.5987175838	-1119.06654623926	0	0	0	0	0	0	0	0	0	672.065765094056	383.342954263851	55.8312436417984	47353.7820940188	26084.8611851393	3642.81805131164	0	0	0	0	0	0	0	0	0	68.7742216328444	39.3940818292374	5.81139076096385	11896.2517326887	12210.0172855272	5862.53758411633	0	0	0	0	0	0	0	0	0	0.0222149590943221	0.0148759503522426	0.00316330312051813
167	99636.9519428716	43328.4620510063	-1115.60465911527	0	0	0	0	0	0	0	0	0	676.078936395959	378.194006766186	52.3109330722892	47354.083232846	26085.0556212494	3642.85774076759	0	0	0	0	0	0	0	0	0	68.8927707396657	38.6793654813804	5.41199932006178	11896.2257056151	12209.9931939519	5862.52780066407	0	0	0	0	0	0	0	0	0	0.0252290036673021	0.0165222103803134	0.00333072694791432
168	99638.0945359952	43322.7547470274	-1118.85755513386	0	0	0	0	0	0	0	0	0	675.023732013015	383.986016009476	55.5918903126502	47354.0484418332	26085.0262666396	3642.84689994484	0	0	0	0	0	0	0	0	0	70.1443573911345	40.1720126940538	5.9361602267908	11896.2267664212	12209.9949718341	5862.52941807636	0	0	0	0	0	0	0	0	0	0.0601673009411975	0.0399140606322342	0.00829504191669097
