S01	S02	S03	E01	E02	E03	I01	I02	I03	Y01	Y02	Y03	R01	R02	R03	S11	S12	S13	E11	E12	E13	I11	I12	I13	Y11	Y12	Y13	R11	R12	R13	S21	S22	S23	E21	E22	E23	I21	I22	I23	Y21	Y22	Y23	R21	R22	R23
1	97319.1300349705	44176.0514640055	1361.83386438448	0	0	0	0	0	0	0	0	0	715.138354676395	392.750078203408	50.0573550063995	49745.8605054157	27359.5200927086	3736.61823926955	0	0	0	0	0	0	0	0	0	74.5961585005427	41.1666288368951	5.32469550002829	12014.4308385863	9923.5320734432	3214.08138861435	0	0	0	0	0	0	0	0	0	0.0674904259890612	0.0412948823813655	0.00693408139142006
2	97422.265927875	44232.8021617068	1369.38791645239	0	0	0	0	0	0	0	0	0	611.326382887291	335.619999845418	42.4500400217454	49745.9593986489	27359.5779328542	3736.62711108858	0	0	0	0	0	0	0	0	0	63.18035305924	34.82115846015	4.45791702310324	12014.4537763862	9923.54684420612	3214.08418891337	0	0	0	0	0	0	0	0	0	0.0437589274188056	0.0267497459205404	0.00447183050183379
3	97337.362384218	44196.1317176115	1368.09815706352	0	0	0	0	0	0	0	0	0	696.333417417667	372.294686962391	43.7225402657848	49745.9878809447	27359.5961335792	3736.63040522447	0	0	0	0	0	0	0	0	0	70.9278595225523	38.0152785714491	4.50057981972593	12014.452257669	9923.5449810128	3214.08345508418	0	0	0	0	0	0	0	0	0	0.0365781955467804	0.0218535202513075	0.00342989650977997
4	97257.9840467041	44148.1471011532	1360.50085058697	0	0	0	0	0	0	0	0	0	776.533255499019	420.754736365532	51.3887397634024	49745.9101289407	27359.5468866953	3736.62153624359	0	0	0	0	0	0	0	0	0	79.746021477451	43.3545823037562	5.35186156502612	12014.4871473848	9923.56795571572	3214.08786933919	0	0	0	0	0	0	0	0	0	0.0476742533006746	0.0288543435836204	0.00469921569187907
5	97322.3650374344	44187.7265192519	1366.90200514854	0	0	0	0	0	0	0	0	0	711.668729539232	380.879109640489	44.9388356177929	49745.9831516659	27359.5935977719	3736.63067972462	0	0	0	0	0	0	0	0	0	71.772009020054	38.4584728579298	4.55554262394402	12014.4484567916	9923.54383899267	3214.08379333036	0	0	0	0	0	0	0	0	0	0.0106844562833179	0.00636863283339114	0.000995312467022569
6	97292.7644195616	44168.5949330355	1363.67110275109	0	0	0	0	0	0	0	0	0	741.515586632351	400.172069735905	48.198559643654	49745.7958190417	27359.4846926596	3736.61420335303	0	0	0	0	0	0	0	0	0	76.7171342371981	41.5816679374724	5.07868951275495	12014.4437013145	9923.54269423439	3214.08462266032	0	0	0	0	0	0	0	0	0	0.0721387882839959	0.0436033620518018	0.00705426043031657
7	97263.785955789	44145.0830502316	1358.01090263668	0	0	0	0	0	0	0	0	0	770.783960651756	423.875476346711	53.8940260782115	49745.859239682	27359.5205129004	3736.61901498661	0	0	0	0	0	0	0	0	0	78.6862515814591	43.3738497626374	5.5549025825004	12014.5025633394	9923.57958696924	3214.09124779471	0	0	0	0	0	0	0	0	0	0.0198096624269876	0.0119538732438953	0.00193163425857837
8	97445.533131385	44239.3550629224	1367.71800909242	0	0	0	0	0	0	0	0	0	588.054034030383	329.099946405509	44.1387101983043	49745.8710076225	27359.5284094444	3736.62013751027	0	0	0	0	0	0	0	0	0	60.2988755150816	33.8310750086827	4.57084626399945	12014.3673645368	9923.49464318355	3214.07585053433	0	0	0	0	0	0	0	0	0	0.0172140820225503	0.0105803733038081	0.00179784558632615
9	97243.0482604067	44141.7295786215	1360.28971619622	0	0	0	0	0	0	0	0	0	791.461483467594	427.159940728109	51.5953514303302	49745.9226561832	27359.5566457557	3736.62407969379	0	0	0	0	0	0	0	0	0	81.5774762816403	44.2014640840143	5.4068810593591	12014.4538677785	9923.54723170971	3214.08433585609	0	0	0	0	0	0	0	0	0	0.0588744544161804	0.0358227114520315	0.00591840769893606
10	97328.5645451762	44180.2235449984	1362.07318298773	0	0	0	0	0	0	0	0	0	705.645098639939	388.543358051614	49.8112284020476	49745.8861157491	27359.5327566347	3736.61946247536	0	0	0	0	0	0	0	0	0	72.2087904428683	39.8654311839917	5.15202081127176	12014.4666239189	9923.55788635577	3214.08780652509	0	0	0	0	0	0	0	0	0	0.0220829107734862	0.0134534509125582	0.00223369993412029
11	97298.7989913741	44164.1183898509	1359.86993586423	0	0	0	0	0	0	0	0	0	735.475047227052	404.687481706979	52.0233745434977	49745.9746640941	27359.5851295433	3736.62705660712	0	0	0	0	0	0	0	0	0	76.386229751387	42.2089253154671	5.49493308569476	12014.4242958909	9923.52882145585	3214.08112476426	0	0	0	0	0	0	0	0	0	0.0540520603742954	0.0329095733560793	0.00545629416236534
12	97274.7358439889	44157.9654534115	1361.70977204666	0	0	0	0	0	0	0	0	0	759.305120657913	410.673031585443	50.1476070185451	49745.9709310551	27359.58252555	3736.62662098874	0	0	0	0	0	0	0	0	0	77.6587932625416	42.1236047572911	5.19080100966677	12014.479722087	9923.56168036013	3214.08589527003	0	0	0	0	0	0	0	0	0	0.0354697198772959	0.02147796981168	0.00350719116380803
13	97408.4821905665	44237.5302371497	1374.26326187299	0	0	0	0	0	0	0	0	0	625.077803546075	330.80113585722	37.5368699583669	49746.0201926957	27359.6175016718	3736.63497939065	0	0	0	0	0	0	0	0	0	63.0893609202129	33.4312117367314	3.80978349718892	12014.4417709583	9923.53963863393	3214.08305257157	0	0	0	0	0	0	0	0	0	0.0201661220082575	0.0118330350979716	0.00176319105863643
14	97295.1913686121	44163.4472926959	1360.21305675355	0	0	0	0	0	0	0	0	0	739.209940700315	405.421419680255	51.6857135687125	49745.8325262348	27359.4990235917	3736.6131233999	0	0	0	0	0	0	0	0	0	75.986393142403	41.8061494042104	5.38001626987773	12014.5052284265	9923.57953484702	3214.0900048524	0	0	0	0	0	0	0	0	0	0.0350122192958997	0.0211532184093851	0.00343653997479661
15	97303.3055808701	44171.876315333	1362.73714827363	0	0	0	0	0	0	0	0	0	730.962560115237	396.898131073356	49.1419876600396	49745.8961712612	27359.5401785447	3736.62082170553	0	0	0	0	0	0	0	0	0	75.9467221254907	41.4340687949057	5.20615063406593	12014.4607509181	9923.55084381844	3214.08456253094	0	0	0	0	0	0	0	0	0	0.0741074525590809	0.0449273450598474	0.00735298316672096
16	97311.5485409827	44177.8725512962	1363.97036890608	0	0	0	0	0	0	0	0	0	722.528236979682	390.785816406777	47.8900006099254	49745.9551857402	27359.5759811942	3736.62667682916	0	0	0	0	0	0	0	0	0	73.9555913177871	40.120039528666	4.9629098679205	12014.4047970204	9923.5174635029	3214.07951743502	0	0	0	0	0	0	0	0	0	0.0351928993283846	0.0212320094550655	0.00343287588781395
17	97285.5232683195	44160.2385667787	1361.0788401534	0	0	0	0	0	0	0	0	0	748.776854496167	408.564415870794	50.805400752724	49745.8990978969	27359.5384549732	3736.61931864513	0	0	0	0	0	0	0	0	0	77.0781219317245	42.2053298272922	5.30685423010708	12014.4474695756	9923.54377023372	3214.08388316624	0	0	0	0	0	0	0	0	0	0.043256187596675	0.0263873519878238	0.0043858946241453
18	97370.9804645693	44202.3133141967	1364.14460326524	0	0	0	0	0	0	0	0	0	663.201404059414	366.446342986971	47.7437727303392	49745.8895929441	27359.5361122712	3736.62036067563	0	0	0	0	0	0	0	0	0	68.304954026039	37.866389712886	4.9817027250508	12014.4909309099	9923.57096528071	3214.08906776149	0	0	0	0	0	0	0	0	0	0.0283695834529312	0.0173166612598987	0.00289149770647044
19	97336.2925192031	44191.7702711561	1366.24565197764	0	0	0	0	0	0	0	0	0	697.490803482929	376.721016556961	45.5885249966501	49745.9916279744	27359.6002577542	3736.63217947617	0	0	0	0	0	0	0	0	0	71.2694193020286	38.5990056702348	4.71206391388016	12014.4287416783	9923.53183622933	3214.08171912534	0	0	0	0	0	0	0	0	0	0.0353857415881883	0.0212798386214606	0.00340819632687175
20	97276.2958178321	44163.4798523794	1364.12879571497	0	0	0	0	0	0	0	0	0	757.838486446155	405.176328799655	47.7169388550709	49745.9385213148	27359.5689740123	3736.62719764496	0	0	0	0	0	0	0	0	0	76.5167525719559	40.9641105256902	4.84515316692257	12014.4663589621	9923.55651142278	3214.08677146605	0	0	0	0	0	0	0	0	0	0.0132111480378219	0.00784244558543373	0.00121158286029564
21	97312.5322653952	44181.5358948215	1365.77290611328	0	0	0	0	0	0	0	0	0	722.017499194459	387.352902045593	46.1034490041147	49745.8651512222	27359.5250555295	3736.6201897812	0	0	0	0	0	0	0	0	0	73.3997905269916	39.4628755441204	4.72924992617379	12014.521042516	9923.59160735937	3214.09367479882	0	0	0	0	0	0	0	0	0	0.0295747185471897	0.0175326114458528	0.00270001608509453
22	97318.1203730123	44177.7294634857	1362.75154217167	0	0	0	0	0	0	0	0	0	715.857524907812	390.890817388023	49.1088381350803	49745.9787638002	27359.5906141342	3736.62946944195	0	0	0	0	0	0	0	0	0	73.4446611005904	40.2255097519798	5.10046198116982	12014.451174447	9923.54453588304	3214.08347596613	0	0	0	0	0	0	0	0	0	0.0384075954398779	0.0231993390567252	0.00376687848664965
23	97382.2770687442	44216.3795018866	1368.87358186994	0	0	0	0	0	0	0	0	0	651.1196361128	351.899720327773	42.934458446468	49745.9380037853	27359.5624055729	3736.62344416828	0	0	0	0	0	0	0	0	0	66.2256539488306	35.8698515451263	4.40621769942036	12014.5206238326	9923.59334531365	3214.09489070789	0	0	0	0	0	0	0	0	0	0.0234616979446739	0.0140382058198151	0.00221975798039968
24	97437.6813996635	44245.4865811378	1372.07762798262	0	0	0	0	0	0	0	0	0	595.807442699612	322.849717646766	39.7406666427608	49745.9708741201	27359.5861425691	3736.62894686146	0	0	0	0	0	0	0	0	0	60.5840793254699	32.9015576073477	4.0779885959805	12014.4678654639	9923.55715810734	3214.08671593148	0	0	0	0	0	0	0	0	0	0.0211764332320654	0.0127462639268267	0.00205119641505045
25	97251.7087206463	44139.0428619597	1356.94433904768	0	0	0	0	0	0	0	0	0	782.908554644542	429.950003649239	54.9716498405407	49745.8972137906	27359.5401704374	3736.62065035683	0	0	0	0	0	0	0	0	0	81.8658008707223	45.189529923116	5.86770207333342	12014.4299187137	9923.53424697677	3214.08313576964	0	0	0	0	0	0	0	0	0	0.0742901145476949	0.0455207731054977	0.007676305932802
26	97329.0238071641	44171.550507964	1357.55568515717	0	0	0	0	0	0	0	0	0	705.313599245731	397.347760819168	54.370631628849	49745.7680912133	27359.4605433452	3736.60651711505	0	0	0	0	0	0	0	0	0	73.3263917234452	41.4569636915545	5.73037891009972	12014.457884465	9923.54951319573	3214.08464470995	0	0	0	0	0	0	0	0	0	0.030150577627065	0.0186707308268091	0.00323360959972867
27	97441.4729552572	44240.7935043082	1369.0491984479	0	0	0	0	0	0	0	0	0	592.023471607818	327.589862666441	42.7912665047643	49745.9835516956	27359.5907242235	3736.62837752128	0	0	0	0	0	0	0	0	0	61.2853301064031	34.0459556752731	4.49981788783928	12014.4439668839	9923.54158038398	3214.08359248414	0	0	0	0	0	0	0	0	0	0.0381631124362145	0.0235580887266167	0.00404863039872979
28	97363.8829302274	44191.9633525121	1360.8434063749	0	0	0	0	0	0	0	0	0	670.088368952982	376.712063368753	51.0436858987413	49746.022560592	27359.6179711986	3736.63463581308	0	0	0	0	0	0	0	0	0	69.9320074202176	39.4710199386537	5.41027968332475	12014.4368741759	9923.53650193389	3214.08242085789	0	0	0	0	0	0	0	0	0	0.0432126317026123	0.0265925587757967	0.00453090603811606
29	97350.5658972616	44192.9184435856	1363.5381672339	0	0	0	0	0	0	0	0	0	683.593365817236	375.825168164463	48.3476214228033	49745.8799955257	27359.5274130208	3736.61781396522	0	0	0	0	0	0	0	0	0	70.7733994978266	39.0624755463005	5.08365976031822	12014.4432598587	9923.54176653759	3214.08399573902	0	0	0	0	0	0	0	0	0	0.0479613246158961	0.0291697437591158	0.0048297027069603
30	97366.8591308014	44209.8557505399	1368.85844853958	0	0	0	0	0	0	0	0	0	666.575100128174	358.436306426817	42.9477548249013	49745.9522284557	27359.5805153262	3736.631167734	0	0	0	0	0	0	0	0	0	68.4262263996932	36.9192651484267	4.47174052790894	12014.465902375	9923.55378163947	3214.08485834171	0	0	0	0	0	0	0	0	0	0.0516837177240742	0.0310868617918083	0.00498611529999924
31	97265.0249420825	44156.5673544136	1363.05585408853	0	0	0	0	0	0	0	0	0	769.240988496183	412.158876406473	48.797284732872	49746.0537738461	27359.6412254686	3736.64056695576	0	0	0	0	0	0	0	0	0	78.5506690730414	42.2004419731774	5.03944363241139	12014.4589693074	9923.55028202002	3214.08463946125	0	0	0	0	0	0	0	0	0	0.0438604270520019	0.0260168595223595	0.00400396545126114
32	97326.8334484832	44180.0186175093	1362.18827478563	0	0	0	0	0	0	0	0	0	707.117895194993	388.598874600127	49.6750463517135	49745.9805922648	27359.594340346	3736.63152971747	0	0	0	0	0	0	0	0	0	72.9190237513646	40.2170779300877	5.19722592172774	12014.4175811221	9923.52620539717	3214.08127633609	0	0	0	0	0	0	0	0	0	0.0388314927663841	0.0237314167039667	0.00396890701085855
33	97347.9924792171	44200.8758752203	1368.26628346088	0	0	0	0	0	0	0	0	0	685.818536297593	367.618478103642	43.5643612575839	49745.927925215	27359.561325891	3736.62546985392	0	0	0	0	0	0	0	0	0	70.7508578782156	38.0746033626245	4.56957563602012	12014.4666499602	9923.55628437597	3214.08644363931	0	0	0	0	0	0	0	0	0	0.0747358895488737	0.0445869833419285	0.00697025486672151
34	97288.1062698895	44164.2331358085	1362.04120172167	0	0	0	0	0	0	0	0	0	746.283813001551	404.601425782962	49.8424518679793	49745.8725264673	27359.5285852716	3736.62006129254	0	0	0	0	0	0	0	0	0	75.9147250715347	41.2508181615589	5.11771672707331	12014.4415906193	9923.54003748723	3214.08321000904	0	0	0	0	0	0	0	0	0	0.0184352882955127	0.0111833609363913	0.00183360772932459
35	97281.7729546821	44159.1223986366	1360.86664214835	0	0	0	0	0	0	0	0	0	752.652219401975	409.74815948333	51.0276186513221	49745.8952282734	27359.5375660602	3736.61969300332	0	0	0	0	0	0	0	0	0	79.243329548994	43.4076974655029	5.50954435908973	12014.4108329358	9923.52202250609	3214.08075624681	0	0	0	0	0	0	0	0	0	0.116232424362317	0.0705580218995843	0.0115847930813149
36	97383.5553787824	44198.2808398157	1360.14870649791	0	0	0	0	0	0	0	0	0	650.477892664294	370.459440313973	51.7579064217332	49745.8826180692	27359.5336660671	3736.62038642433	0	0	0	0	0	0	0	0	0	67.7029267722335	38.6813829297724	5.4540134076133	12014.4012492374	9923.5162448828	3214.07976825282	0	0	0	0	0	0	0	0	0	0.0266542695864456	0.0165087000644479	0.00285665938120499
37	97287.380450483	44150.5495066162	1355.98123123278	0	0	0	0	0	0	0	0	0	747.306310720812	418.523644428666	55.9575212131722	49745.8755734151	27359.5328079941	3736.62180375283	0	0	0	0	0	0	0	0	0	77.4456099195629	43.5218016143423	5.87827732505238	12014.3692898646	9923.49626731415	3214.07627655623	0	0	0	0	0	0	0	0	0	0.0319550681732544	0.0196155786439222	0.00331680651203142
38	97329.7809113397	44165.2306481789	1354.44712850802	0	0	0	0	0	0	0	0	0	704.188048205532	403.488177379385	57.4627800239048	49745.8624079904	27359.517161027	3736.6164217094	0	0	0	0	0	0	0	0	0	74.5897165596446	42.916468033216	6.18301033220226	12014.4834393407	9923.56638777701	3214.08823308869	0	0	0	0	0	0	0	0	0	0.0502727349652152	0.0311575477672619	0.00540629898976548
39	97309.7844002017	44180.6006798664	1366.07837816983	0	0	0	0	0	0	0	0	0	724.296024821798	388.033185785014	45.7658098833552	49745.9445612313	27359.5730263703	3736.62889664951	0	0	0	0	0	0	0	0	0	73.5217486903356	39.4676493022162	4.68551876956484	12014.4642438983	9923.55311663219	3214.08491861265	0	0	0	0	0	0	0	0	0	0.0259687594167814	0.0155193650976507	0.00243890558038846
40	97340.9507830432	44184.2334439157	1361.60520642834	0	0	0	0	0	0	0	0	0	693.429143640355	384.643484565847	50.2987586312961	49745.7374009833	27359.4509986904	3736.60943696601	0	0	0	0	0	0	0	0	0	71.2925241809821	39.6663927929829	5.23458197982875	12014.4935995001	9923.5734800096	3214.08988486359	0	0	0	0	0	0	0	0	0	0.0250462378385344	0.0154171557868762	0.00262739974047363
41	97385.6333438812	44214.4397342203	1367.42914455095	0	0	0	0	0	0	0	0	0	648.512103280334	354.281712400043	44.4471718062487	49745.9121062007	27359.5479276631	3736.62147010682	0	0	0	0	0	0	0	0	0	67.2624246098308	36.9095708425074	4.69490939665512	12014.460493013	9923.55086200087	3214.08463683415	0	0	0	0	0	0	0	0	0	0.0525828571383987	0.0321054652754179	0.00535762735295653
42	97356.6684817174	44201.434733089	1367.05923908462	0	0	0	0	0	0	0	0	0	677.290603104053	367.164940182256	44.792037545485	49745.7940253144	27359.4823638131	3736.61336345943	0	0	0	0	0	0	0	0	0	69.0476887556157	37.5267675175808	4.61561734459026	12014.4672493825	9923.55791365781	3214.08747812492	0	0	0	0	0	0	0	0	0	0.0239058779278181	0.0145145831760422	0.00238070474629316
43	97384.8203255785	44208.426139536	1364.57556178369	0	0	0	0	0	0	0	0	0	648.979569468859	360.123740614349	47.2843607325064	49745.8941649338	27359.5415131865	3736.62233155348	0	0	0	0	0	0	0	0	0	66.5232246117116	37.0159138282752	4.89994151586227	12014.4980958495	9923.57679461996	3214.09093312749	0	0	0	0	0	0	0	0	0	0.0191704466278023	0.0118094288569012	0.00201760708055855
44	97426.3826273141	44223.8667964814	1363.8603825347	0	0	0	0	0	0	0	0	0	607.438818565371	344.745753156304	48.0270814397895	49745.9477259357	27359.572161957	3736.62662828948	0	0	0	0	0	0	0	0	0	64.1783536697394	36.5964600613394	5.16686703823297	12014.4522101829	9923.54645317048	3214.08434039015	0	0	0	0	0	0	0	0	0	0.0551131662427896	0.0341963534646853	0.00595066228103433
45	97373.2339044597	44214.072578322	1369.86058213898	0	0	0	0	0	0	0	0	0	660.678505178225	354.475687851183	41.9750026459813	49745.9237390574	27359.5637688509	3736.62875283783	0	0	0	0	0	0	0	0	0	66.8918238524765	35.950535085478	4.28055045423777	12014.4395018663	9923.53689495801	3214.08152371459	0	0	0	0	0	0	0	0	0	0.0189028103691908	0.0112679441701449	0.00175874602289715
46	97245.9297167196	44143.473733963	1360.58367624416	0	0	0	0	0	0	0	0	0	788.52003202502	425.379366856601	51.2961453897623	49745.9846717405	27359.5937453483	3736.62982958285	0	0	0	0	0	0	0	0	0	80.3864657171696	43.4732531966443	5.28406982773939	12014.4200996559	9923.52471318392	3214.07941090369	0	0	0	0	0	0	0	0	0	0.029782945717315	0.0178744241065526	0.00284053629490897
47	97388.3021654689	44215.6839690964	1367.56490767336	0	0	0	0	0	0	0	0	0	645.353754154055	352.768737725199	44.2769676899573	49745.9294613173	27359.5585004959	3736.62318861398	0	0	0	0	0	0	0	0	0	66.6681614419659	36.589255150596	4.65024230531816	12014.4310708844	9923.53366886126	3214.08214362569	0	0	0	0	0	0	0	0	0	0.0466451023987191	0.0286149579611228	0.00483244476116767
48	97387.4576839863	44213.5062421104	1366.58937785205	0	0	0	0	0	0	0	0	0	646.322323374806	355.028629416845	45.2689774437342	49745.907469731	27359.5443639617	3736.62028570639	0	0	0	0	0	0	0	0	0	67.6000098698555	37.3297067902555	4.83726428861636	12014.4458284844	9923.54083819162	3214.08257868355	0	0	0	0	0	0	0	0	0	0.0652601941042777	0.0400814058079688	0.00679102472834843
49	97391.8750928428	44222.6748744463	1370.37637178847	0	0	0	0	0	0	0	0	0	642.05261173924	345.895493702404	41.466987963648	49745.7919150518	27359.4807118362	3736.61297424102	0	0	0	0	0	0	0	0	0	65.0616977126428	35.1155909745196	4.23499374668133	12014.4708820477	9923.56052212077	3214.08810354963	0	0	0	0	0	0	0	0	0	0.0173044568696297	0.0104343347337314	0.00168171513554415
50	97347.8429435004	44200.7895191116	1368.30033278093	0	0	0	0	0	0	0	0	0	685.945695809436	367.696733772751	43.5317811001674	49745.9317940108	27359.5613884603	3736.62393451487	0	0	0	0	0	0	0	0	0	69.817371202955	37.5142551836031	4.47568483431665	12014.4382508305	9923.53724159005	3214.08238589696	0	0	0	0	0	0	0	0	0	0.0284570670578129	0.0170286543825278	0.00268577337857555
51	97364.4119100066	44203.8278701461	1366.18856483102	0	0	0	0	0	0	0	0	0	669.247537812363	364.611303785799	45.646168922114	49745.952564674	27359.5782645518	3736.6298387057	0	0	0	0	0	0	0	0	0	68.5396046251389	37.455528781576	4.73355221006752	12014.4728861279	9923.5576803269	3214.08536445615	0	0	0	0	0	0	0	0	0	0.027742166934513	0.0169703108269112	0.00284935040277093
52	97325.6338797499	44183.894116927	1364.41945814049	0	0	0	0	0	0	0	0	0	708.55093784186	384.835340772653	47.4528999311187	49745.8945423227	27359.538160502	3736.62006323727	0	0	0	0	0	0	0	0	0	72.671887758587	39.5959164891819	4.931280782271	12014.4448049145	9923.54150803442	3214.08327125831	0	0	0	0	0	0	0	0	0	0.0367623927280677	0.0222126556182727	0.00359871440650057
53	97340.2887524318	44186.5250634236	1362.52819764898	0	0	0	0	0	0	0	0	0	693.837978614011	382.20588598681	49.3579889718995	49745.8508176919	27359.5116486339	3736.6155513709	0	0	0	0	0	0	0	0	0	71.4989324002036	39.5208600439559	5.15596283644666	12014.4143439748	9923.52333920971	3214.08052512429	0	0	0	0	0	0	0	0	0	0.03564549558294	0.0218637305225734	0.00369918612668543
54	97331.7615325081	44187.4891006365	1364.74650360861	0	0	0	0	0	0	0	0	0	702.491560644769	381.266732062466	47.1254549060913	49745.9613163978	27359.5786625748	3736.62720915401	0	0	0	0	0	0	0	0	0	71.2299713443697	38.7316529599913	4.81528988382805	12014.4792093327	9923.5631488623	3214.08732611914	0	0	0	0	0	0	0	0	0	0.0129534786216792	0.00782816684513154	0.00127320046203232
55	97355.6149497136	44184.7254612024	1359.07654643124	0	0	0	0	0	0	0	0	0	678.834497256853	384.245856385831	52.8607189506722	49745.7691991681	27359.4651731215	3736.60924196368	0	0	0	0	0	0	0	0	0	71.57121417987	40.6983108967672	5.67399085232098	12014.434776208	9923.53522926933	3214.08216792801	0	0	0	0	0	0	0	0	0	0.0540821855705771	0.033426864234606	0.00575379181563589
56	97370.3188633331	44196.3041548881	1362.08139677077	0	0	0	0	0	0	0	0	0	663.920073955864	372.524969260724	49.825713672223	49745.8164797537	27359.4930152912	3736.6139156788	0	0	0	0	0	0	0	0	0	69.7094229739195	39.2922612915639	5.32784241635788	12014.4583713538	9923.55136568345	3214.08576840532	0	0	0	0	0	0	0	0	0	0.0653626915483345	0.0400617869850828	0.00673676362980196
57	97376.2787491707	44203.3598404055	1363.96851262757	0	0	0	0	0	0	0	0	0	657.687510698205	365.292731205497	47.9087525097701	49745.9230816991	27359.5560921664	3736.62355044137	0	0	0	0	0	0	0	0	0	68.468665942442	38.1867711832971	5.0703975547272	12014.4403628871	9923.53953108239	3214.08336359101	0	0	0	0	0	0	0	0	0	0.0542884011703011	0.0330501212085963	0.00546744674988437
58	97313.8981222474	44179.8912667834	1364.68832417419	0	0	0	0	0	0	0	0	0	720.01260662182	388.663193786058	47.1521689302773	49746.000185857	27359.6057549991	3736.63284361467	0	0	0	0	0	0	0	0	0	73.2735350193054	39.6462745575893	4.84596160130539	12014.4700394471	9923.55825358141	3214.08685623537	0	0	0	0	0	0	0	0	0	0.0237540841810874	0.0143553176670699	0.00232862497556906
59	97241.016521472	44132.1410537709	1355.51719958153	0	0	0	0	0	0	0	0	0	793.982626298842	437.080849110425	56.437040326504	49745.830009772	27359.4963242099	3736.61220181295	0	0	0	0	0	0	0	0	0	83.9592216296149	46.5143917920006	6.12074142523432	12014.4021315644	9923.5152865554	3214.07884873321	0	0	0	0	0	0	0	0	0	0.0911064312391497	0.0560858502789456	0.00957533009002078
60	97363.4380049548	44210.5768607717	1369.89397113801	0	0	0	0	0	0	0	0	0	669.915608065263	357.65543737693	41.8999419595734	49746.1275277451	27359.6757448694	3736.64129642008	0	0	0	0	0	0	0	0	0	67.6740067435268	36.1820114699083	4.25877349322725	12014.4671366278	9923.55609072248	3214.08629091551	0	0	0	0	0	0	0	0	0	0.0154971690748003	0.00923159346246201	0.00143812111619673
61	97424.495018569	44223.5693250989	1364.59042085528	0	0	0	0	0	0	0	0	0	609.207329463156	344.977623780202	47.2869301427634	49746.0117075228	27359.6057680143	3736.62982821533	0	0	0	0	0	0	0	0	0	63.5374662416889	36.112147325767	5.00434871790652	12014.3569995052	9923.4867987987	3214.07371257288	0	0	0	0	0	0	0	0	0	0.0372009377160962	0.023033391593544	0.00397837546134177
62	97257.9155111011	44145.1344345897	1359.10982590333	0	0	0	0	0	0	0	0	0	776.557694728045	423.755135749746	52.7811400316981	49745.8948433768	27359.5398138514	3736.62118928592	0	0	0	0	0	0	0	0	0	80.0329576904408	43.8306683350755	5.52144079483894	12014.4810190606	9923.56779248049	3214.09003221188	0	0	0	0	0	0	0	0	0	0.0462260525181689	0.028103084342413	0.00463313366970041
63	97312.3922024911	44173.7056065569	1362.21861108909	0	0	0	0	0	0	0	0	0	721.634652168649	394.947386417507	49.6463338518603	49745.9831498734	27359.5909843029	3736.62863428032	0	0	0	0	0	0	0	0	0	75.0525844513995	41.2614173149021	5.25942196524032	12014.470621159	9923.55870890514	3214.08694999601	0	0	0	0	0	0	0	0	0	0.0686717183966411	0.0415668599982004	0.00676495432401139
64	97297.3932590623	44169.9599214983	1363.33614176926	0	0	0	0	0	0	0	0	0	736.941869045152	398.843881794227	48.5421051879651	49745.9092781218	27359.5452389642	3736.62053843583	0	0	0	0	0	0	0	0	0	75.4297703167701	40.9448365437399	5.03059104595929	12014.4480488646	9923.54391399539	3214.0838449544	0	0	0	0	0	0	0	0	0	0.038709639022743	0.0234380182947894	0.00382283930404959
65	97277.0919104404	44156.1195070135	1360.51897065303	0	0	0	0	0	0	0	0	0	757.466662904062	412.824216213441	51.3831157610065	49745.6978071635	27359.4259352309	3736.60501777148	0	0	0	0	0	0	0	0	0	77.6850701361831	42.4740739036961	5.33974099796111	12014.4788488576	9923.56232179566	3214.08665110415	0	0	0	0	0	0	0	0	0	0.0313842462477743	0.0192094669167862	0.00322479542105595
66	97356.5150704718	44195.3829958169	1363.71212924334	0	0	0	0	0	0	0	0	0	677.440828215043	373.246775400121	48.1576436819441	49745.8200374063	27359.4950153941	3736.6138709943	0	0	0	0	0	0	0	0	0	69.3689682589223	38.3231749892242	4.98437615080198	12014.4778295781	9923.56324448111	3214.08756015737	0	0	0	0	0	0	0	0	0	0.0225806146631123	0.0137116404946597	0.0022582609110746
67	97337.8652067429	44196.065481277	1367.8986998136	0	0	0	0	0	0	0	0	0	695.93287772431	372.416326092653	43.9281876801588	49745.9480496708	27359.5742943062	3736.62830928974	0	0	0	0	0	0	0	0	0	70.9744050001464	38.0793006246326	4.52945729361047	12014.4460920587	9923.54318451725	3214.08399546372	0	0	0	0	0	0	0	0	0	0.0380741099867755	0.0227356032073276	0.00356692328603634
68	97337.2830852969	44178.1521944921	1359.61722170211	0	0	0	0	0	0	0	0	0	696.628467286519	390.485137446219	52.2622057599656	49745.8617300534	27359.5196940113	3736.6180654711	0	0	0	0	0	0	0	0	0	72.0362153541399	40.5074342468558	5.47288698594948	12014.4881477563	9923.56998580465	3214.08883551823	0	0	0	0	0	0	0	0	0	0.0301543047562854	0.0184671830788648	0.00310260190774265
69	97312.4389379507	44175.8063939684	1363.14522811097	0	0	0	0	0	0	0	0	0	721.739737955178	392.92955451547	48.7314605201459	49745.89876535	27359.5386843045	3736.61936020736	0	0	0	0	0	0	0	0	0	74.9499332647597	40.9942697524296	5.15881752431817	12014.4081128155	9923.51983817468	3214.08007794428	0	0	0	0	0	0	0	0	0	0.0646067979463284	0.0394546639327538	0.00658648841808921
70	97364.0364310408	44190.6128978296	1360.33970374344	0	0	0	0	0	0	0	0	0	670.326996752885	378.296519445808	51.5830363237089	49745.9088893321	27359.5475172848	3736.62206955299	0	0	0	0	0	0	0	0	0	71.1425279246908	40.3624774232625	5.58997557386582	12014.4713491229	9923.56022315894	3214.08773210306	0	0	0	0	0	0	0	0	0	0.0739276988755877	0.0456129293034223	0.00781532214153136
71	97339.3779706036	44192.2872194391	1365.70108149876	0	0	0	0	0	0	0	0	0	694.409790128452	376.209243154281	46.134846806525	49745.964387912	27359.5850205317	3736.63091300504	0	0	0	0	0	0	0	0	0	70.4957954563398	38.2693162317443	4.72286161586486	12014.4793728247	9923.562251917	3214.08648889953	0	0	0	0	0	0	0	0	0	0.0171716441415981	0.0104079486685066	0.00170307836796242
72	97288.5403535126	44167.0504093958	1363.44200632103	0	0	0	0	0	0	0	0	0	745.342715654187	401.487719817679	48.395865098797	49745.9606229815	27359.586183506	3736.63227569719	0	0	0	0	0	0	0	0	0	76.7649127660811	41.5084693264222	5.06478256687169	12014.470461158	9923.55482258592	3214.08425126578	0	0	0	0	0	0	0	0	0	0.0586213449783993	0.0354677868508576	0.00577811275729258
73	97329.0364492484	44171.581767879	1357.4567673636	0	0	0	0	0	0	0	0	0	705.307908341678	397.319029012893	54.4699512982027	49745.975343777	27359.5831532801	3736.62560623735	0	0	0	0	0	0	0	0	0	74.822105647886	42.3798608113309	5.90011897581406	12014.4505899129	9923.54489983501	3214.08368905167	0	0	0	0	0	0	0	0	0	0.0661649832914303	0.0409289204918823	0.00707013711795574
74	97380.3212722817	44215.2454166342	1368.8686128331	0	0	0	0	0	0	0	0	0	653.81411495829	353.439208300852	42.9901982779765	49745.8831326296	27359.5336345343	3736.62066775466	0	0	0	0	0	0	0	0	0	66.2804955939466	35.8969827313379	4.39227276669628	12014.4779336467	9923.56470297681	3214.08896337789	0	0	0	0	0	0	0	0	0	0.0165907588523834	0.0100046189110713	0.00161596928380601
75	97270.2694803735	44147.0071325315	1357.05954941624	0	0	0	0	0	0	0	0	0	764.44223456211	422.057451377898	54.8739849766069	49745.8649624002	27359.5177247353	3736.61583984856	0	0	0	0	0	0	0	0	0	80.5127441896883	44.7117418408625	5.91438292842557	12014.421749224	9923.52812177902	3214.08139328786	0	0	0	0	0	0	0	0	0	0.0811760939898532	0.050051912799694	0.00857877701913523
76	97360.1372598437	44184.8284250879	1357.889994854	0	0	0	0	0	0	0	0	0	674.35075084863	384.181773672937	54.0606833753501	49745.8799768823	27359.5266237427	3736.61712419138	0	0	0	0	0	0	0	0	0	72.5153151412681	41.5533885626735	5.94295221177766	12014.4233775313	9923.52898979157	3214.08153198238	0	0	0	0	0	0	0	0	0	0.0860794746878489	0.0533669700131359	0.00926804653794285
77	97304.8461084748	44176.6648282296	1365.01936971354	0	0	0	0	0	0	0	0	0	729.35753072527	392.041695340611	46.8362759488785	49745.9093730688	27359.5490896639	3736.62295456983	0	0	0	0	0	0	0	0	0	74.0726530782765	39.8989916205484	4.79898611288432	12014.5029085695	9923.58049243699	3214.09189223449	0	0	0	0	0	0	0	0	0	0.0225279232639879	0.0135082277650881	0.0021430024896118
78	97377.017146159	44208.5398369356	1366.07121775422	0	0	0	0	0	0	0	0	0	656.933619595852	360.083537763389	45.796745160299	49745.8747430882	27359.5272507987	3736.61885310649	0	0	0	0	0	0	0	0	0	68.3157244941612	37.6233474608626	4.85444269751946	12014.41112085	9923.52140142038	3214.08015433729	0	0	0	0	0	0	0	0	0	0.051780818202982	0.0317981056086118	0.00538945667293579
79	97367.8038740563	44204.8479127824	1366.41266084767	0	0	0	0	0	0	0	0	0	666.236704971222	363.814964907864	45.4538536010096	49745.7190377888	27359.4384856658	3736.60697564129	0	0	0	0	0	0	0	0	0	68.9327619912262	37.8009278302386	4.78532098119223	12014.4854492002	9923.56824260005	3214.08883371992	0	0	0	0	0	0	0	0	0	0.0487649811929763	0.0298308226556405	0.00499571331806147
80	97378.8189665333	44213.6923533255	1368.38875976952	0	0	0	0	0	0	0	0	0	655.030444305344	354.841910328571	43.4540506184121	49745.9384079171	27359.568971744	3736.62715481054	0	0	0	0	0	0	0	0	0	67.0256797873968	36.4181073107027	4.50221802497026	12014.4508398944	9923.54554499568	3214.08420266648	0	0	0	0	0	0	0	0	0	0.0322702648979803	0.019557615963129	0.00320052256069939
81	97314.0930743811	44182.4523790639	1365.95003413508	0	0	0	0	0	0	0	0	0	719.74643821316	386.052934057767	45.879814016416	49745.9279394697	27359.5649685511	3736.62839928384	0	0	0	0	0	0	0	0	0	72.8063988838866	39.1151125637484	4.6732928809173	12014.4805751501	9923.56250506735	3214.086261006	0	0	0	0	0	0	0	0	0	0.0145210001135306	0.00877073467675615	0.00142214934775184
82	97377.4177026461	44206.4039864474	1364.99812300851	0	0	0	0	0	0	0	0	0	656.109748880298	361.985021045866	46.8384653892644	49746.0416575475	27359.6255676492	3736.63392861018	0	0	0	0	0	0	0	0	0	66.7428454275341	36.896306316026	4.8024440390452	12014.458348179	9923.54999515843	3214.08491265231	0	0	0	0	0	0	0	0	0	0.0103470853346902	0.00630954398044817	0.00105032619000005
83	97407.2320124298	44225.1500723496	1368.86944015194	0	0	0	0	0	0	0	0	0	626.723079268553	343.473185811571	42.9939514770352	49745.8797324092	27359.5287380451	3736.61819506608	0	0	0	0	0	0	0	0	0	64.1976868370665	35.2826291841885	4.45599715023594	12014.4183963323	9923.5266361821	3214.08143136465	0	0	0	0	0	0	0	0	0	0.03149754132379	0.0189962943377618	0.00305495459191194
84	97352.5539443215	44194.7812165293	1364.27517378423	0	0	0	0	0	0	0	0	0	681.436140862536	373.868915379808	47.598065534156	49745.8445000135	27359.5055034943	3736.61377581685	0	0	0	0	0	0	0	0	0	70.1309908465577	38.6092431826715	4.96682249411284	12014.4358518231	9923.53543019928	3214.0820359206	0	0	0	0	0	0	0	0	0	0.0340904124031487	0.0208248260174953	0.00347952777430979
85	97290.9857693896	44157.6062952295	1358.27198553462	0	0	0	0	0	0	0	0	0	743.38338139356	411.266347109972	53.6349686876705	49745.9053698378	27359.5441279227	3736.62072361469	0	0	0	0	0	0	0	0	0	76.8756591805629	42.6884170080909	5.62871852342616	12014.4161979824	9923.52380658986	3214.08030688719	0	0	0	0	0	0	0	0	0	0.0368532266238018	0.0226663675921652	0.00385853872488624
86	97254.1502146049	44139.658962718	1356.75480720483	0	0	0	0	0	0	0	0	0	780.345693804805	429.272742370814	55.1562903374136	49745.874681173	27359.525999092	3736.61803453238	0	0	0	0	0	0	0	0	0	81.8744483576052	45.2829321620652	5.91284695979739	12014.4558414228	9923.54730914307	3214.08375602534	0	0	0	0	0	0	0	0	0	0.0825961540056452	0.0505662999656856	0.00850776095529087
87	97327.4085064999	44193.1076529502	1368.70513944662	0	0	0	0	0	0	0	0	0	706.341691441099	375.334502463111	43.1115002209302	49745.9775423863	27359.5867819767	3736.62777475874	0	0	0	0	0	0	0	0	0	71.5237829749175	38.0676210076237	4.39572535249483	12014.4695116066	9923.55878735235	3214.08726359407	0	0	0	0	0	0	0	0	0	0.0296290785352563	0.0174208643818855	0.00261094708658248
88	97254.3700732567	44142.8761936536	1358.56776288078	0	0	0	0	0	0	0	0	0	779.984526757159	425.955349807752	53.3203518658471	49745.9593529147	27359.5789169051	3736.6273554404	0	0	0	0	0	0	0	0	0	80.6921237487347	44.2480879717628	5.61027261151361	12014.4142784903	9923.52359865418	3214.08057291939	0	0	0	0	0	0	0	0	0	0.0565099672505616	0.0346054560964411	0.0058194623160421
89	97321.4714414567	44183.7150954847	1365.20325453726	0	0	0	0	0	0	0	0	0	712.525498442912	384.891378175262	46.6446129991975	49745.9625110115	27359.5872263829	3736.63235554241	0	0	0	0	0	0	0	0	0	73.5210709067176	39.8716656309741	4.89304431958118	12014.4508691808	9923.54416674859	3214.08298879733	0	0	0	0	0	0	0	0	0	0.0594016782583918	0.0358174498452385	0.00576974805621025
90	97441.6176038054	44231.9806134177	1364.76117536787	0	0	0	0	0	0	0	0	0	591.815886617802	336.417628991222	47.0997774046683	49745.930426515	27359.5573121433	3736.62200728331	0	0	0	0	0	0	0	0	0	62.0848901891017	35.431611772402	5.01549683938835	12014.4502020899	9923.54437908188	3214.08347089689	0	0	0	0	0	0	0	0	0	0.0430190567551238	0.0266383065595614	0.00461537158792218
91	97429.2273388482	44230.2927263171	1366.56492073185	0	0	0	0	0	0	0	0	0	604.670972357888	338.339096232893	45.3162374612815	49745.8477852581	27359.5118587725	3736.61681660013	0	0	0	0	0	0	0	0	0	62.7386698512456	35.2348945701346	4.77062816853185	12014.4674885493	9923.55452900467	3214.08500925883	0	0	0	0	0	0	0	0	0	0.0346156101142357	0.0212947807099871	0.00362532524799716
92	97381.158166199	44213.287487783	1367.51328618423	0	0	0	0	0	0	0	0	0	653.015694943206	355.439706011524	44.361031618472	49745.9426845859	27359.5685925813	3736.62623194871	0	0	0	0	0	0	0	0	0	67.9159646883048	37.1452458213398	4.70465529550286	12014.4171316088	9923.52410522457	3214.08008649005	0	0	0	0	0	0	0	0	0	0.0667743176753273	0.040381866946012	0.0065678488029989
93	97299.9640399645	44168.1178532005	1361.5070629135	0	0	0	0	0	0	0	0	0	734.61164631274	400.845184713509	50.4040822800317	49745.8278513242	27359.4963043452	3736.61260237118	0	0	0	0	0	0	0	0	0	77.5479824403717	42.5914549422953	5.46305688581735	12014.4332043358	9923.5344103027	3214.08202188461	0	0	0	0	0	0	0	0	0	0.107181996731392	0.0654155777502694	0.0109083145436502
94	97316.4264897294	44176.9430109112	1363.00272786862	0	0	0	0	0	0	0	0	0	717.566899147564	391.689038139228	48.8593653260366	49745.9086416274	27359.5464049133	3736.62123743954	0	0	0	0	0	0	0	0	0	73.8446758879209	40.4497160371601	5.10125254099646	12014.4828039565	9923.56517802913	3214.08738338737	0	0	0	0	0	0	0	0	0	0.0437071359891635	0.0266541073973506	0.00442880450574909
95	97378.4930633486	44209.560494495	1366.42711845392	0	0	0	0	0	0	0	0	0	655.013822072708	358.80525742489	45.4010761374115	49745.8841055855	27359.5329566886	3736.62003227468	0	0	0	0	0	0	0	0	0	66.6505301266718	36.5880480479036	4.65997743198315	12014.4852828555	9923.5685361421	3214.08931062975	0	0	0	0	0	0	0	0	0	0.0156153645049801	0.00949600651716504	0.00156882903031417
96	97357.1428968819	44191.3410416808	1361.98741797429	0	0	0	0	0	0	0	0	0	677.040279481881	377.43938725285	49.9087594270397	49745.8890079772	27359.5371498288	3736.62103853002	0	0	0	0	0	0	0	0	0	70.949460814203	39.7424500418144	5.33058552395523	12014.4735538995	9923.55949520687	3214.08668451515	0	0	0	0	0	0	0	0	0	0.0598777052655624	0.0368413573652665	0.00626218076636658
97	97272.4241876661	44148.3602551307	1357.85196066679	0	0	0	0	0	0	0	0	0	761.718845007611	420.374304360329	54.0292763662961	49745.9524905921	27359.5775852618	3736.62929649552	0	0	0	0	0	0	0	0	0	79.3964495250261	44.0146337870568	5.73534111665258	12014.4635641445	9923.55073414831	3214.0836091448	0	0	0	0	0	0	0	0	0	0.0641772675002982	0.0392094628257881	0.00654872384607129
98	97241.9861188653	44126.6735330602	1353.1814079562	0	0	0	0	0	0	0	0	0	792.965338308681	442.547525756838	58.7789607621327	49745.8598445468	27359.51626195	3736.6159065816	0	0	0	0	0	0	0	0	0	83.1559852374645	46.6298494678122	6.28106322740171	12014.4375104241	9923.53701098293	3214.08255071015	0	0	0	0	0	0	0	0	0	0.0614933066129809	0.037855941331528	0.00644779615269484
99	97327.963683306	44188.6998546765	1366.2352427113	0	0	0	0	0	0	0	0	0	705.911318190418	379.840399984737	45.6051235044045	49745.8721934825	27359.5259563328	3736.61892480242	0	0	0	0	0	0	0	0	0	73.2067876565326	39.5729202379476	4.82126609379876	12014.4698489653	9923.56081762925	3214.08851836781	0	0	0	0	0	0	0	0	0	0.0865682979506795	0.0520036662322022	0.00829763325674262
100	97386.5274850427	44216.922821734	1368.32161140865	0	0	0	0	0	0	0	0	0	647.2453248234	351.579304948283	43.5218236945676	49745.8730789556	27359.5305567466	3736.621014797	0	0	0	0	0	0	0	0	0	66.0086023323163	35.9438876977856	4.48343604193934	12014.4246734204	9923.52879152937	3214.08095047534	0	0	0	0	0	0	0	0	0	0.0247366166650653	0.0148446575084115	0.00236462919827863
101	97338.0460180972	44198.8973065473	1369.14456516584	0	0	0	0	0	0	0	0	0	695.582000245347	369.468350635129	42.6599217389848	49746.0689352234	27359.6473751323	3736.64012809302	0	0	0	0	0	0	0	0	0	70.4075019846104	37.4594885265947	4.34839259495407	12014.4821861426	9923.56460833456	3214.08705105339	0	0	0	0	0	0	0	0	0	0.0239081772409958	0.0141096642208658	0.00214164326902949
102	97343.080337504	44187.5296106166	1362.73364269737	0	0	0	0	0	0	0	0	0	690.993676425553	381.166471311425	49.1440195018755	49745.9663479489	27359.5833277755	3736.62827132449	0	0	0	0	0	0	0	0	0	71.2333978182901	39.4298240106224	5.13709504858475	12014.439209709	9923.53757559162	3214.08251556636	0	0	0	0	0	0	0	0	0	0.0361387450225095	0.0221759867125729	0.00375056216151393
103	97318.3538803594	44181.7220620501	1364.82518109645	0	0	0	0	0	0	0	0	0	715.841991514199	387.000910810689	47.0414867973452	49745.9446686086	27359.5705189992	3736.62618818459	0	0	0	0	0	0	0	0	0	73.5806990229837	39.9199058631922	4.90709700430043	12014.4224404923	9923.52762561971	3214.08084635574	0	0	0	0	0	0	0	0	0	0.0515092321635953	0.0311180429229712	0.00503729371643821
104	97360.1797268377	44193.1443627407	1362.34248347171	0	0	0	0	0	0	0	0	0	673.914597411103	375.586802001617	49.5464988185496	49745.7663465863	27359.4669161457	3736.61125787305	0	0	0	0	0	0	0	0	0	70.5477004768915	39.5038187233116	5.28588136028212	12014.4752152914	9923.56193676627	3214.08775882994	0	0	0	0	0	0	0	0	0	0.053975681645375	0.0332753224407408	0.0056871398299925
105	97337.4323807317	44180.208252972	1359.98674625872	0	0	0	0	0	0	0	0	0	696.7173838645	388.558818452823	51.9124307938359	49745.8300287755	27359.4994844355	3736.6142180355	0	0	0	0	0	0	0	0	0	71.9362083915443	40.2505454462896	5.42840435873608	12014.4632528765	9923.55249494368	3214.08491283356	0	0	0	0	0	0	0	0	0	0.0263607361777643	0.0162244546602049	0.00276820939554413
106	97252.105815162	44150.2895206172	1362.38065234461	0	0	0	0	0	0	0	0	0	782.139656860464	418.438205371948	49.4789833242683	49745.8704441116	27359.5255198368	3736.6190116427	0	0	0	0	0	0	0	0	0	79.984210286088	42.9146319771203	5.1217299570365	12014.4531412665	9923.5484084455	3214.08541219221	0	0	0	0	0	0	0	0	0	0.0507996983222636	0.0303191951512975	0.00475631458786241
107	97336.3217619477	44179.2107406161	1360.02861942969	0	0	0	0	0	0	0	0	0	697.802840514267	389.541496838414	51.8664306613796	49745.9320524026	27359.5625810867	3736.62503262168	0	0	0	0	0	0	0	0	0	73.654181846406	41.3344677791401	5.58937871207748	12014.4598981255	9923.55044363639	3214.0846883768	0	0	0	0	0	0	0	0	0	0.080727416185495	0.0493870300343983	0.00828259558739003
108	97382.537884736	44209.7966240264	1365.57613065564	0	0	0	0	0	0	0	0	0	651.104801100059	358.660363194038	46.2717180760647	49745.8852288857	27359.5332499104	3736.61953263463	0	0	0	0	0	0	0	0	0	66.4703450319807	36.7053875057775	4.77049252391112	12014.4710114962	9923.55708728698	3214.08561644868	0	0	0	0	0	0	0	0	0	0.0165278016327066	0.0101719267987265	0.00173506044077634
109	97374.4664363809	44218.7116696078	1371.78495123159	0	0	0	0	0	0	0	0	0	659.045763637492	349.608090887988	40.0200585710693	49745.8801980277	27359.5317668823	3736.62008161414	0	0	0	0	0	0	0	0	0	66.9962776165351	35.6209090694081	4.10854617601547	12014.4554056917	9923.54878344007	3214.08478794899	0	0	0	0	0	0	0	0	0	0.0354341909211978	0.0211034353216453	0.00328048845901844
110	97258.1247995613	44141.6773797996	1356.85481155696	0	0	0	0	0	0	0	0	0	776.888522100039	427.539379578728	55.0928657973733	49745.8951739603	27359.5403739812	3736.62123344359	0	0	0	0	0	0	0	0	0	81.4819249315415	45.0870746315657	5.90535319855547	12014.4469263201	9923.54304992843	3214.08375851268	0	0	0	0	0	0	0	0	0	0.0762891675524592	0.04689856765083	0.00797990580526391
111	97304.7844060097	44163.279509159	1358.48929344815	0	0	0	0	0	0	0	0	0	729.710837646677	405.663464660059	53.424389278206	49745.867571417	27359.5275691217	3736.6208782649	0	0	0	0	0	0	0	0	0	75.1080081155863	41.8814259031579	5.56536001654466	12014.4795422068	9923.56476974993	3214.08853860397	0	0	0	0	0	0	0	0	0	0.0244998413406247	0.015002356519317	0.00252327516749578
112	97407.9066315244	44230.8369532477	1371.06946255858	0	0	0	0	0	0	0	0	0	625.868364893077	337.654624309375	40.7675382447553	49745.8838578794	27359.530584509	3736.61879069419	0	0	0	0	0	0	0	0	0	63.671787234238	34.4294558876246	4.1873588081773	12014.4908439786	9923.56924298444	3214.08760066721	0	0	0	0	0	0	0	0	0	0.0257183716674011	0.0154029518482227	0.00243702035575876
113	97406.2834160449	44223.236541324	1367.5401899049	0	0	0	0	0	0	0	0	0	627.366166478339	345.222749809431	44.3057681875479	49745.7521228984	27359.4589423299	3736.61033339477	0	0	0	0	0	0	0	0	0	64.4758282801531	35.5949625820562	4.61350856510995	12014.4639333043	9923.5546800272	3214.08633252811	0	0	0	0	0	0	0	0	0	0.0290789774650349	0.0178547773376989	0.00302467391794673
114	97341.5839504339	44196.0253622311	1367.01837601829	0	0	0	0	0	0	0	0	0	692.302825812053	372.525299895297	44.8259933363576	49745.9154831674	27359.5516704169	3736.62296670383	0	0	0	0	0	0	0	0	0	71.1653338985351	38.4320015053361	4.67777968648461	12014.4002093485	9923.51473560547	3214.07920446626	0	0	0	0	0	0	0	0	0	0.0500850008508535	0.0301673670818513	0.00484890695836958
115	97356.411181211	44198.4045932217	1365.57666003145	0	0	0	0	0	0	0	0	0	677.8474673181	370.379714528905	46.3059556710546	49745.7499122268	27359.4563085941	3736.60939096065	0	0	0	0	0	0	0	0	0	70.079245302713	38.4416822839633	4.86486205034412	12014.4599152506	9923.55187352196	3214.08567172257	0	0	0	0	0	0	0	0	0	0.0550550196364843	0.0331657461677598	0.00533080286671071
116	97428.8850201542	44233.8931337729	1368.28359033091	0	0	0	0	0	0	0	0	0	604.609545457983	334.494409845121	43.5596501963774	49745.9046245307	27359.5424945912	3736.61979774685	0	0	0	0	0	0	0	0	0	62.5245875701734	34.7173239274017	4.57021208656694	12014.4210519214	9923.5262433835	3214.08043448954	0	0	0	0	0	0	0	0	0	0.0427521275389295	0.0260150037897898	0.00430262994296612
117	97403.1977154877	44229.3561140888	1371.30170003233	0	0	0	0	0	0	0	0	0	630.088752569593	338.863586375161	40.4984739887983	49745.8796781083	27359.5290542437	3736.61883194594	0	0	0	0	0	0	0	0	0	64.0617141489986	34.5295599002389	4.15661393390587	12014.4717751527	9923.56053741531	3214.08804964986	0	0	0	0	0	0	0	0	0	0.0240942301338144	0.0145086973744725	0.00233146096232594
118	97389.6393690504	44220.3463961298	1369.57604653956	0	0	0	0	0	0	0	0	0	644.059809703248	348.107116369091	42.2567929705246	49745.8936578084	27359.5385082049	3736.62074515249	0	0	0	0	0	0	0	0	0	65.2908238314806	35.3556496173606	4.3178250340574	12014.4454578656	9923.54294981553	3214.08417943516	0	0	0	0	0	0	0	0	0	0.0159321011436101	0.00962005214272086	0.00155534695958277
119	97396.8611905033	44224.9043086443	1370.41170290582	0	0	0	0	0	0	0	0	0	636.785838276247	343.513856281923	41.4143641427083	49745.8762361428	27359.5322289464	3736.62130911137	0	0	0	0	0	0	0	0	0	64.9026600066764	35.1009094520572	4.26653264860451	12014.472999663	9923.55842026306	3214.08591321063	0	0	0	0	0	0	0	0	0	0.0267595079465903	0.0161293983393642	0.00259581815701191
120	97410.0782227607	44230.3824286118	1370.27188828307	0	0	0	0	0	0	0	0	0	623.781205031929	338.161678241107	41.5740939400157	49745.7956991294	27359.4873992953	3736.61553310479	0	0	0	0	0	0	0	0	0	63.6157456946281	34.5748014817873	4.28449563364041	12014.4415607692	9923.54039605573	3214.08364081674	0	0	0	0	0	0	0	0	0	0.0248425145555515	0.0149518459452524	0.00240255356591867
121	97303.9208238645	44175.2622965791	1364.68677154654	0	0	0	0	0	0	0	0	0	730.165589094981	393.399122281937	47.1710226366115	49745.8841867866	27359.5327860485	3736.61948793703	0	0	0	0	0	0	0	0	0	76.3068125834129	41.339150404825	5.04522925749795	12014.4436242126	9923.54144733242	3214.08348693857	0	0	0	0	0	0	0	0	0	0.113239739277681	0.0682964944606188	0.0110074183057533
122	97278.1978500245	44159.8419286661	1362.23602351654	0	0	0	0	0	0	0	0	0	756.038312461041	408.900724465396	49.6309770775532	49745.9269976114	27359.5591434754	3736.62456131495	0	0	0	0	0	0	0	0	0	77.2669239770852	41.9067198922913	5.13224471498343	12014.4644559726	9923.55393744176	3214.08560277485	0	0	0	0	0	0	0	0	0	0.0336632683753654	0.0203341497097714	0.00328887968145299
123	97321.4715306318	44180.4271030715	1363.25374563366	0	0	0	0	0	0	0	0	0	712.502356078642	388.187028194791	48.6051504043467	49745.9804589832	27359.5918545967	3736.62974588404	0	0	0	0	0	0	0	0	0	73.5032613087647	40.1953421373833	5.09009284235988	12014.4715251667	9923.55652244761	3214.08531718514	0	0	0	0	0	0	0	0	0	0.0536439257072411	0.0324980179247342	0.00532338033146773
124	97368.5652153853	44192.8378089783	1360.44677349133	0	0	0	0	0	0	0	0	0	665.647727592855	375.989119575803	51.4665069517097	49745.9145774305	27359.5504237495	3736.62213685191	0	0	0	0	0	0	0	0	0	70.7663019290477	40.1852279092832	5.58615000230434	12014.4520167998	9923.54782847276	3214.08538801392	0	0	0	0	0	0	0	0	0	0.0781469416750301	0.0479425161133867	0.00808629249820006
125	97313.9489489619	44174.938276371	1362.3117103118	0	0	0	0	0	0	0	0	0	720.219959148348	393.790309656069	49.5628600899183	49745.9975973297	27359.5993208828	3736.62990865314	0	0	0	0	0	0	0	0	0	74.2314620127475	40.7377543303528	5.18634391963982	12014.4868902264	9923.5682803062	3214.08836668484	0	0	0	0	0	0	0	0	0	0.039634714320553	0.0242856969892668	0.00409111233974797
126	97275.2126459552	44149.7436941788	1357.56044859853	0	0	0	0	0	0	0	0	0	759.095911789811	419.086110715901	54.3366724982703	49745.9100862199	27359.5465075732	3736.6211462194	0	0	0	0	0	0	0	0	0	78.8420325060929	43.710776713638	5.73870506635814	12014.4645321823	9923.55651072306	3214.08730511866	0	0	0	0	0	0	0	0	0	0.0518526373599216	0.0318466258309679	0.00540177136294876
127	97381.8646991012	44210.2849500266	1365.89698921071	0	0	0	0	0	0	0	0	0	651.992446275991	358.278205092222	45.9589940672552	49745.9493539167	27359.5756980308	3736.62922592532	0	0	0	0	0	0	0	0	0	66.6878726059686	36.7430244104037	4.75062944395781	12014.4810603754	9923.56316200052	3214.08651417091	0	0	0	0	0	0	0	0	0	0.0233777886779101	0.014230416269374	0.00236105305885842
128	97339.684083182	44192.5585694268	1365.53382664826	0	0	0	0	0	0	0	0	0	694.623155536999	376.232795252218	46.3458040381489	49745.8778596427	27359.5293922885	3736.61932608839	0	0	0	0	0	0	0	0	0	71.8642027529393	39.0862608086672	4.87662848989249	12014.4308193938	9923.53407748994	3214.08265067033	0	0	0	0	0	0	0	0	0	0.0666409486362714	0.0401286296685039	0.00646667060329001
129	97283.7716353952	44158.6507312679	1360.56787326186	0	0	0	0	0	0	0	0	0	750.266172173424	410.000714033568	51.2933734721799	49745.9577336725	27359.5820571065	3736.63066384078	0	0	0	0	0	0	0	0	0	76.7205947132163	42.0389904005857	5.30373287457035	12014.4560056561	9923.54742121132	3214.08363382862	0	0	0	0	0	0	0	0	0	0.0278915314530658	0.0169400756888333	0.00278464640654563
130	97393.5481121145	44219.5213033094	1368.16371285599	0	0	0	0	0	0	0	0	0	639.748872919098	348.725794849688	43.6497594476039	49745.8795752969	27359.5288476957	3736.61886671576	0	0	0	0	0	0	0	0	0	65.4496923368378	35.7769437373968	4.5169712015962	12014.4910835531	9923.56966043866	3214.08781040195	0	0	0	0	0	0	0	0	0	0.0299054819004015	0.0181378023334168	0.00297833934473423
131	97338.2774259035	44183.5860756475	1361.59165579442	0	0	0	0	0	0	0	0	0	695.950581932737	385.206169771117	50.3029374428306	49745.766054432	27359.4653576646	3736.6105326132	0	0	0	0	0	0	0	0	0	71.4235681051725	39.6470203313871	5.22171043014572	12014.4386231676	9923.53875912482	3214.08342718483	0	0	0	0	0	0	0	0	0	0.0223271102011171	0.0136698517580177	0.00229900053647689
132	97337.7753465904	44191.1774318953	1365.76756876651	0	0	0	0	0	0	0	0	0	695.929939662485	377.275794721031	46.0624342193046	49745.9790008312	27359.5913107778	3736.6306961564	0	0	0	0	0	0	0	0	0	71.5866949165898	38.9390711392796	4.80486258012102	12014.4828802283	9923.56621767102	3214.08800623617	0	0	0	0	0	0	0	0	0	0.0534860960572428	0.0318840884882545	0.00497508307815939
133	97281.983478699	44170.3248507674	1366.4470717531	0	0	0	0	0	0	0	0	0	751.90500224405	398.181461172368	45.3737045807748	49745.9957830599	27359.6035695842	3736.63350231506	0	0	0	0	0	0	0	0	0	75.7854473591294	40.1760698660692	4.59431188109139	12014.4444718058	9923.54070837333	3214.0826619641	0	0	0	0	0	0	0	0	0	0.0153683275797573	0.00904393760378452	0.00136063462460361
134	97361.8143689123	44204.1521126508	1367.01827611703	0	0	0	0	0	0	0	0	0	671.84373478364	364.277391131051	44.8110863368949	49745.8950006016	27359.5390112689	3736.62087028314	0	0	0	0	0	0	0	0	0	68.4595226259474	37.206122579318	4.61026781720822	12014.5155626145	9923.58765917134	3214.09286245927	0	0	0	0	0	0	0	0	0	0.026540943863752	0.0159263218298622	0.00253893483834121
135	97235.0147960839	44134.7422391778	1358.19942322853	0	0	0	0	0	0	0	0	0	799.809411204185	434.3354942048	53.7167681760719	49745.8850420729	27359.5306898376	3736.6184053	0	0	0	0	0	0	0	0	0	82.8163268961789	45.1650233649359	5.65990348451264	12014.4684103603	9923.55780871851	3214.08701620445	0	0	0	0	0	0	0	0	0	0.0628837296773542	0.0381050651709908	0.0062391079762207
136	97308.1882571414	44178.0087666047	1365.33893903711	0	0	0	0	0	0	0	0	0	726.008834197699	390.703722017436	46.519943648014	49745.8903437934	27359.535999644	3736.62002480462	0	0	0	0	0	0	0	0	0	74.2795299680581	40.0872751651081	4.81704063727994	12014.4597312919	9923.55433260777	3214.08731920084	0	0	0	0	0	0	0	0	0	0.0488554875766881	0.0290355818916452	0.00448419528400503
137	97311.3209085266	44162.4840396371	1357.13876871111	0	0	0	0	0	0	0	0	0	723.354071815388	406.589497310737	54.8014253973692	49745.8257919626	27359.4993582238	3736.61519363542	0	0	0	0	0	0	0	0	0	75.8325654007486	42.8113796681714	5.84543704683929	12014.4929834314	9923.57409311333	3214.09059719401	0	0	0	0	0	0	0	0	0	0.0529195866164125	0.0324773849733584	0.0054843032862126
138	97309.4489706488	44157.1552780518	1354.21101582716	0	0	0	0	0	0	0	0	0	725.10083858348	411.877562960739	57.7394143786368	49745.73576981	27359.4492395126	3736.60848024678	0	0	0	0	0	0	0	0	0	77.2469771777212	44.1097846421627	6.27377729953665	12014.4655908984	9923.5532650864	3214.08467034898	0	0	0	0	0	0	0	0	0	0.0648358254259275	0.0402390880750642	0.00701339944046525
139	97355.3486542613	44186.652757342	1359.54146898871	0	0	0	0	0	0	0	0	0	678.933771206585	382.211835312089	52.3802645797179	49745.9328228935	27359.5562159252	3736.62082461677	0	0	0	0	0	0	0	0	0	71.4621526387718	40.4180421283926	5.61170946553592	12014.4521310226	9923.54576229967	3214.08371685206	0	0	0	0	0	0	0	0	0	0.0568308152565806	0.0350336655216205	0.00600537302228226
140	97354.0838625336	44193.5020744068	1363.26518759803	0	0	0	0	0	0	0	0	0	679.809742686095	375.102168992195	48.6042136791277	49745.8471108276	27359.5116258041	3736.61683843114	0	0	0	0	0	0	0	0	0	70.8623127195949	39.2849461862609	5.1625593426574	12014.4402159184	9923.53894339178	3214.08325784583	0	0	0	0	0	0	0	0	0	0.0552939162652133	0.0340248557202272	0.00580060506775488
141	97386.8059094861	44207.6194241882	1364.39181382167	0	0	0	0	0	0	0	0	0	647.079744670882	360.991946957893	47.4783566987111	49745.9709726585	27359.586511044	3736.62950325009	0	0	0	0	0	0	0	0	0	66.9281585303689	37.4638778375537	4.97834363808773	12014.4509641763	9923.54602800487	3214.08443698538	0	0	0	0	0	0	0	0	0	0.0406218696854395	0.0247551730278237	0.00409967931710281
142	97340.131753623	44190.0268875278	1364.23977393493	0	0	0	0	0	0	0	0	0	694.03828526931	378.702037103814	47.6369631667061	49745.9051441536	27359.5438283932	3736.62068715171	0	0	0	0	0	0	0	0	0	70.5594855891748	38.5792103295363	4.88275814507486	12014.4445509353	9923.54096404816	3214.0830279048	0	0	0	0	0	0	0	0	0	0.0154426531154639	0.00929357905587335	0.00149485732791602
143	97362.7459338232	44199.537584225	1364.91327754851	0	0	0	0	0	0	0	0	0	671.389893216592	369.18190148914	46.9613264755408	49745.8901566173	27359.5389726941	3736.6220066429	0	0	0	0	0	0	0	0	0	68.4374868523903	37.7174379173743	4.83136002453491	12014.4864031865	9923.56842193147	3214.08893927079	0	0	0	0	0	0	0	0	0	0.0175363927174518	0.0106751516894444	0.0017670282558025
144	97369.409099921	44192.3670213853	1359.63900437343	0	0	0	0	0	0	0	0	0	664.979403953358	376.56924685911	52.2954558305714	49745.7860147545	27359.4735503796	3736.61018907789	0	0	0	0	0	0	0	0	0	69.7110511173811	39.637045569219	5.56710831166374	12014.4511034023	9923.54517092136	3214.08374592013	0	0	0	0	0	0	0	0	0	0.0403234207027179	0.0249125517787335	0.00429126082572402
145	97348.9496796991	44189.2528546675	1362.56802413437	0	0	0	0	0	0	0	0	0	685.040963982835	379.40997909007	49.3089302249594	49745.8837000541	27359.5299005733	3736.61825532293	0	0	0	0	0	0	0	0	0	71.6321362540004	39.8606506214541	5.25442632177611	12014.4740170266	9923.56190609477	3214.08805531402	0	0	0	0	0	0	0	0	0	0.0673375368826506	0.0411239117165786	0.00686372878868047
146	97343.0882072909	44183.3397181068	1360.53267145685	0	0	0	0	0	0	0	0	0	691.265638428945	385.544685792449	51.3828401869964	49745.8405182392	27359.5049441755	3736.61443611913	0	0	0	0	0	0	0	0	0	71.6677205733885	40.118628254469	5.40387922184264	12014.3903143413	9923.50899815324	3214.07830013251	0	0	0	0	0	0	0	0	0	0.0348101655257992	0.0213693658904624	0.0036208308268042
147	97327.5523547757	44186.5460291981	1365.69913683821	0	0	0	0	0	0	0	0	0	706.517812690783	382.110046713129	46.1571949015465	49745.745293591	27359.4546624415	3736.60958530354	0	0	0	0	0	0	0	0	0	72.3161467270462	39.2278863026592	4.78438502989582	12014.4867491171	9923.56830547574	3214.08854463157	0	0	0	0	0	0	0	0	0	0.0387663680223703	0.0233702674214117	0.00374870382290282
148	97366.8090055752	44187.4925161695	1358.0273868813	0	0	0	0	0	0	0	0	0	667.392369712375	381.354749138185	53.8987093297791	49745.8450347558	27359.5099981813	3736.61637898354	0	0	0	0	0	0	0	0	0	71.2856302741144	40.9380165710456	5.86825745923189	12014.422244777	9923.5296947402	3214.08242783711	0	0	0	0	0	0	0	0	0	0.0771193177611283	0.0477522433966823	0.00826417618692022
149	97291.0790524404	44162.4386179852	1360.61929638475	0	0	0	0	0	0	0	0	0	743.226144480427	406.370978111462	51.2689939083025	49745.8517764357	27359.5129201292	3736.61654849827	0	0	0	0	0	0	0	0	0	76.9104943127861	42.2185418396763	5.39063434720574	12014.4650004736	9923.55439704825	3214.08556229137	0	0	0	0	0	0	0	0	0	0.0604614308470522	0.0365196466055555	0.00592548191826783
150	97327.2650773368	44189.308949934	1366.79916805018	0	0	0	0	0	0	0	0	0	706.447849773862	379.132968773686	45.0261820883205	49745.9872515694	27359.5911168152	3736.62632949766	0	0	0	0	0	0	0	0	0	72.0681640544574	38.7783972330475	4.64445501034384	12014.474046967	9923.56276255996	3214.0888382811	0	0	0	0	0	0	0	0	0	0.0359393368914036	0.0215385578513099	0.00341379657115718
151	97283.1839262713	44156.5792219606	1359.29537243954	0	0	0	0	0	0	0	0	0	751.172939075039	412.274445791726	52.6050655430024	49745.8489968759	27359.5097725361	3736.61480795844	0	0	0	0	0	0	0	0	0	78.6627426418424	43.4068248284324	5.62974859842769	12014.4192266085	9923.52621982861	3214.0808999353	0	0	0	0	0	0	0	0	0	0.0801440939187771	0.0491748872291516	0.00831419148981892
152	97391.7298121172	44214.27741873	1366.36437554835	0	0	0	0	0	0	0	0	0	641.94040682832	354.190737336133	45.4803087078766	49745.9576322828	27359.5781181746	3736.62766129543	0	0	0	0	0	0	0	0	0	65.7825140337234	36.3963196615355	4.71334981395452	12014.4831972927	9923.56632823277	3214.08820740457	0	0	0	0	0	0	0	0	0	0.0265504765956573	0.0161656907712399	0.00267239040217456
153	97383.335276115	44214.1139900789	1367.67650725336	0	0	0	0	0	0	0	0	0	650.692148906441	354.535261328438	44.1873912283725	49745.7586670357	27359.4624642147	3736.61076668829	0	0	0	0	0	0	0	0	0	66.6916306616852	36.4514794867744	4.58757973725813	12014.4780143286	9923.56232562462	3214.08686547453	0	0	0	0	0	0	0	0	0	0.0299115179946444	0.0182240131723841	0.00302550582479623
154	97383.4448194148	44215.8894503826	1368.59696084185	0	0	0	0	0	0	0	0	0	650.166006306144	352.523490459611	43.2351159799375	49745.8922195444	27359.5348991897	3736.61903305312	0	0	0	0	0	0	0	0	0	65.822304684255	35.7497979567571	4.40818155289164	12014.4932541754	9923.56845915395	3214.08614365335	0	0	0	0	0	0	0	0	0	0.0110038736134142	0.00668565845905116	0.00110093756070383
155	97385.2761294322	44209.0588832869	1364.73703217492	0	0	0	0	0	0	0	0	0	648.51934192363	359.491409798186	47.1251583361837	49745.9607268477	27359.578944104	3736.62732936468	0	0	0	0	0	0	0	0	0	66.8016922954218	37.1464323739527	4.91450457725599	12014.4564930271	9923.5490706968	3214.0848226222	0	0	0	0	0	0	0	0	0	0.0306878284093361	0.0186556856631962	0.00308032187764014
156	97405.7382381892	44217.5559776295	1364.82511858282	0	0	0	0	0	0	0	0	0	628.056598123875	351.009192930683	47.043933361289	49745.8514395478	27359.5132655386	3736.6168939099	0	0	0	0	0	0	0	0	0	64.8668163006771	36.3730517884977	4.92184485501159	12014.5022594433	9923.57997534232	3214.09155866972	0	0	0	0	0	0	0	0	0	0.0264554434618046	0.0163306704296715	0.0028051629023851
157	97354.3789146601	44205.4605426466	1369.26164396559	0	0	0	0	0	0	0	0	0	679.48189337465	363.048347932436	42.5658246155381	49746.0074500431	27359.6072483055	3736.63294693702	0	0	0	0	0	0	0	0	0	68.8431741452284	36.8529316636179	4.34793792824115	12014.4972710022	9923.57234176776	3214.08780559651	0	0	0	0	0	0	0	0	0	0.020876792054233	0.012557313353607	0.0020115810181989
158	97265.407856505	44152.7992190862	1361.25655485316	0	0	0	0	0	0	0	0	0	769.034996182418	416.060640367058	50.6278324621586	49745.9440227363	27359.5688909987	3736.62545072819	0	0	0	0	0	0	0	0	0	78.8976632487706	42.8162540059668	5.26059742582452	12014.3907210628	9923.50876946905	3214.07796360086	0	0	0	0	0	0	0	0	0	0.0494953075547878	0.0294746477717572	0.00458653270781807
159	97327.0870063243	44190.6153347455	1367.50076520987	0	0	0	0	0	0	0	0	0	706.82481144772	377.926199693009	44.3322119176906	49745.9426497926	27359.5717282598	3736.62816195738	0	0	0	0	0	0	0	0	0	72.1266375039727	38.6630090910771	4.57276083778987	12014.4604942247	9923.55051456943	3214.08457803251	0	0	0	0	0	0	0	0	0	0.046991035591546	0.0277797226448449	0.00423600642880558
160	97381.0270544159	44213.6173132135	1368.08644719697	0	0	0	0	0	0	0	0	0	652.999478739475	355.020249985052	43.7704270074799	49745.9321240943	27359.5674380004	3736.62877282849	0	0	0	0	0	0	0	0	0	67.0967096036289	36.6014202201039	4.56049262943218	12014.4511703218	9923.54369147744	3214.08252464011	0	0	0	0	0	0	0	0	0	0.0423667036990824	0.0255672333036854	0.00413510751298593
161	97329.8760545761	44194.632006379	1368.70290645018	0	0	0	0	0	0	0	0	0	704.056245129918	373.903669461582	43.1244792410164	49745.9890947286	27359.5978877446	3736.63112233895	0	0	0	0	0	0	0	0	0	71.741433824553	38.1939232636536	4.44059480067883	12014.4786582488	9923.56277833164	3214.08723383806	0	0	0	0	0	0	0	0	0	0.0442091884583693	0.0260793611412709	0.00394683108864733
162	97313.9347386186	44186.7577316061	1368.20651354222	0	0	0	0	0	0	0	0	0	719.927013673695	381.736301768116	43.6124011647391	49745.9315726218	27359.5669804683	3736.62865846775	0	0	0	0	0	0	0	0	0	72.9562076486123	38.7525818079448	4.45312577649374	12014.4739505126	9923.56100385473	3214.08716658199	0	0	0	0	0	0	0	0	0	0.0309106188923144	0.0182325080585792	0.00275586063977406
163	97330.1751710148	44188.6148729795	1365.70719669351	0	0	0	0	0	0	0	0	0	703.991619244434	380.090594350635	46.1571752826551	49745.892892629	27359.5373312317	3736.62015732152	0	0	0	0	0	0	0	0	0	72.0209560945684	39.0018793255896	4.78179735248339	12014.4514445756	9923.54652011733	3214.08472090509	0	0	0	0	0	0	0	0	0	0.0363267941430537	0.0220356534828561	0.00361561638948085
164	97333.4910510374	44194.839729189	1368.22234675496	0	0	0	0	0	0	0	0	0	700.148189488929	373.550482472729	43.5915558292995	49745.9553135466	27359.5741302918	3736.62594514178	0	0	0	0	0	0	0	0	0	71.69078341029	38.3687276166771	4.52339018570566	12014.5128637014	9923.58424815485	3214.09122386488	0	0	0	0	0	0	0	0	0	0.0553670567744748	0.03310595895847	0.00521535321340733
165	97331.9343292743	44186.7085691003	1364.70492329053	0	0	0	0	0	0	0	0	0	702.263916139917	382.03306077267	47.1692429745179	49745.8524476718	27359.5122711441	3736.61599534774	0	0	0	0	0	0	0	0	0	72.1470061916088	39.3834129864023	4.91605194563987	12014.4663669113	9923.55615061421	3214.08655681395	0	0	0	0	0	0	0	0	0	0.0392672988488227	0.0240062987652027	0.00401631373986271
166	97354.6342003137	44195.5215216467	1364.31287742235	0	0	0	0	0	0	0	0	0	679.501504628638	373.205152173565	47.5667135324436	49745.6721333356	27359.4102816789	3736.6024346124	0	0	0	0	0	0	0	0	0	69.5936533337336	38.3326937476313	4.92850559507399	12014.4753236632	9923.56294501952	3214.08831347238	0	0	0	0	0	0	0	0	0	0.0232414515860463	0.0142254083042006	0.00239009234875683
167	97352.6828435325	44199.2234886319	1366.40029908809	0	0	0	0	0	0	0	0	0	681.006888408278	369.224266699617	45.4320783990903	49745.9802339231	27359.5937457996	3736.63181539488	0	0	0	0	0	0	0	0	0	69.444534646155	37.744329826935	4.68025447992804	12014.4499975886	9923.54348543681	3214.08282468095	0	0	0	0	0	0	0	0	0	0.0262575820229322	0.0158257142568292	0.00255374055473243
168	97351.6650841	44194.5487656458	1364.3864839234	0	0	0	0	0	0	0	0	0	682.141638535046	373.991575060875	47.4686564097672	49745.9416216643	27359.5659257611	3736.62467349413	0	0	0	0	0	0	0	0	0	70.9794846630127	39.0941027545359	5.03167120814938	12014.4513556548	9923.54503145714	3214.08366049665	0	0	0	0	0	0	0	0	0	0.0628076841833422	0.0381927260025604	0.00630644945126886
