S01	S02	S03	E01	E02	E03	I01	I02	I03	Y01	Y02	Y03	R01	R02	R03	S11	S12	S13	E11	E12	E13	I11	I12	I13	Y11	Y12	Y13	R11	R12	R13	S21	S22	S23	E21	E22	E23	I21	I22	I23	Y21	Y22	Y23	R21	R22	R23
1	110402.215008311	55681.5158018092	5333.24520090538	0	0	0	0	0	0	0	0	0	707.326776275216	403.406297045206	58.7541370058717	45240.1648416943	23920.5529054296	2708.94026242576	0	0	0	0	0	0	0	0	0	73.6762519828963	42.3200208550777	6.29810742617198	3214.00212335593	1996.47263452045	341.20024968632	0	0	0	0	0	0	0	0	0	0.0645169704393851	0.0431804597471351	0.00917535239882789
2	110504.268925983	55739.7038651278	5342.31908461275	0	0	0	0	0	0	0	0	0	604.728856097216	344.900577553638	49.6284542980114	45240.2525639571	23920.6049914897	2708.94820939055	0	0	0	0	0	0	0	0	0	62.4271327361731	35.8082360811936	5.24528849164874	3214.02819448884	1996.49128949879	341.204692280464	0	0	0	0	0	0	0	0	0	0.0418448112644433	0.0279749414767726	0.00590809322884546
3	110414.980248808	55704.1938529128	5342.91693155098	0	0	0	0	0	0	0	0	0	694.064307119211	380.372449703647	49.0008565181181	45240.2797069406	23920.6247307603	2708.95300212964	0	0	0	0	0	0	0	0	0	70.647315173667	38.8589031668757	5.06821042881523	3214.02752460595	1996.4894433592	341.203635204739	0	0	0	0	0	0	0	0	0	0.0352488840720862	0.0228026078480858	0.00442670452183483
4	110338.681440489	55653.8745483382	5333.063067293	0	0	0	0	0	0	0	0	0	771.070458062516	431.123881841459	58.9281433374182	45240.2017204452	23920.569957866	2708.94047615543	0	0	0	0	0	0	0	0	0	79.1083342724077	44.4506110953717	6.173825310763	3214.06591127085	1996.51839531781	341.211139031991	0	0	0	0	0	0	0	0	0	0.0457430030647355	0.0301443337445681	0.00615008577546604
5	110400.233543562	55695.5709569278	5341.43931481978	0	0	0	0	0	0	0	0	0	709.142496280334	389.178554040619	50.5031278131281	45240.2719858921	23920.6170548377	2708.95052544533	0	0	0	0	0	0	0	0	0	71.4926091007601	39.3058561995902	5.13164903103743	3214.02107971887	1996.48686901329	341.203976837234	0	0	0	0	0	0	0	0	0	0.0103038944317543	0.00664198172993277	0.00128241659590094
6	110372.403981247	55675.1227775242	5337.13952596491	0	0	0	0	0	0	0	0	0	737.15183138512	409.761454727489	54.832707462552	45240.0976531466	23920.5129589991	2708.93429681955	0	0	0	0	0	0	0	0	0	76.1706671042565	42.6125621787633	5.82398469888634	3214.0107444142	1996.48060083003	341.202925878192	0	0	0	0	0	0	0	0	0	0.0692488032930226	0.045561582373273	0.00920995567204906
7	110347.720699037	55649.3435596221	5328.83132269739	0	0	0	0	0	0	0	0	0	762.088742623555	435.725825925164	63.1834174988609	45240.1495822462	23920.5428381889	2708.93839919394	0	0	0	0	0	0	0	0	0	77.7446274989617	44.6050341262282	6.53730052727518	3214.07411890975	1996.52308003028	341.211657361673	0	0	0	0	0	0	0	0	0	0.0190262232302568	0.0124840881847648	0.00252070341703791
8	110530.603062058	55745.3418537063	5338.79831825628	0	0	0	0	0	0	0	0	0	578.39736921623	339.303955008374	53.172717411124	45240.186875461	23920.5713720291	2708.94555570142	0	0	0	0	0	0	0	0	0	59.2635787866022	34.8949051096033	5.52607880111717	3213.930780404	1996.42776157083	341.192625183173	0	0	0	0	0	0	0	0	0	0.0164301645657971	0.0110682204680324	0.00238886685970585
9	110322.954828412	55647.6691576568	5333.19475535482	0	0	0	0	0	0	0	0	0	786.777366423171	437.309402034593	58.7904516919327	45240.2167657858	23920.5826807726	2708.94435767378	0	0	0	0	0	0	0	0	0	81.0031791394586	45.2848095054678	6.20538189006024	3214.02805264443	1996.49182254352	341.204954873655	0	0	0	0	0	0	0	0	0	0.0563882155076386	0.0374439019604144	0.00778630688158094
10	110412.104839662	55685.5672136189	5333.35033260356	0	0	0	0	0	0	0	0	0	697.411835928691	399.342985135237	58.6472835342202	45240.1837194067	23920.5591330228	2708.93903722987	0	0	0	0	0	0	0	0	0	71.3104095533813	40.9928401730465	6.09140456586588	3214.0335169657	1996.49643536863	341.2064891247	0	0	0	0	0	0	0	0	0	0.0211411034383839	0.014061576000252	0.00294384215168206
11	110382.500869974	55669.2047415341	5330.6646151791	0	0	0	0	0	0	0	0	0	727.025787906344	415.708058124133	61.334756349878	45240.2780331042	23920.621286382	2708.95109831359	0	0	0	0	0	0	0	0	0	75.4145594369675	43.3915085655652	6.52084500261746	3213.99585760496	1996.47053941242	341.200923041214	0	0	0	0	0	0	0	0	0	0.0517575599450234	0.0343942170039654	0.00718729453987135
12	110354.962059263	55664.2819758739	5334.46053611057	0	0	0	0	0	0	0	0	0	754.339601782394	420.454422921671	57.4929142745505	45240.2627168662	23920.6096580843	2708.94816110762	0	0	0	0	0	0	0	0	0	77.0867755112521	43.1504263505958	5.98162412178627	3214.06180308671	1996.51440000083	341.209725130852	0	0	0	0	0	0	0	0	0	0.0340270613676081	0.0224359557089218	0.00459442680323938
13	110484.169272521	55747.2173821933	5350.71723701258	0	0	0	0	0	0	0	0	0	624.832714977708	337.301375608563	41.1832458022831	45240.30802619	23920.6433359073	2708.95664578235	0	0	0	0	0	0	0	0	0	63.0418165694768	34.0973177299783	4.19122983091119	3214.01395031724	1996.48207444485	341.203029624675	0	0	0	0	0	0	0	0	0	0.0195480032635957	0.0123222585996047	0.00222860077998865
14	110378.24850569	55668.8194292915	5331.33694073315	0	0	0	0	0	0	0	0	0	731.410546806198	416.161217881565	60.6691841748773	45240.1284874312	23920.5225768176	2708.93144712918	0	0	0	0	0	0	0	0	0	75.1153749335367	42.9385162048487	6.34634737612903	3214.08543419755	1996.53205229517	341.214137155198	0	0	0	0	0	0	0	0	0	0.0336134312425388	0.0220892552583141	0.0044933531899793
15	110384.180949607	55678.2851401363	5335.20456949137	0	0	0	0	0	0	0	0	0	725.357085574655	406.599912932661	56.7770457285881	45240.1942193903	23920.5695394006	2708.94221856111	0	0	0	0	0	0	0	0	0	75.2605696882303	42.484613692947	6.06360093450147	3214.03728326834	1996.49785021728	341.206135308747	0	0	0	0	0	0	0	0	0	0.0710653735363809	0.0469415894010243	0.00964054415433324
16	110391.584373787	55684.8026243525	5336.9485226926	0	0	0	0	0	0	0	0	0	717.790257261761	399.975740739595	55.0119540742896	45240.2613090965	23920.6141509943	2708.95148969248	0	0	0	0	0	0	0	0	0	73.4070401138726	41.0870982453395	5.73087766326109	3213.97317708701	1996.45613997156	341.198325234075	0	0	0	0	0	0	0	0	0	0.0338033096135512	0.0221704269635741	0.00448065977203597
17	110367.535334092	55665.5892058166	5333.13709254807	0	0	0	0	0	0	0	0	0	742.018200967598	419.320206297191	58.8500461677351	45240.2016929524	23920.5689911745	2708.9400782529	0	0	0	0	0	0	0	0	0	76.3040472692087	43.3436665578264	6.18440276246925	3214.02154270297	1996.48910485634	341.205296570403	0	0	0	0	0	0	0	0	0	0.0413935554275808	0.027591061587451	0.0057826798660782
18	110454.748935861	55708.2436706581	5335.32537894268	0	0	0	0	0	0	0	0	0	654.772972857102	376.677131419755	56.6799412522806	45240.1823952106	23920.5608517482	2708.94035002487	0	0	0	0	0	0	0	0	0	67.3708214238168	38.9467405677797	5.94336385513174	3214.06354356431	1996.51433822091	341.209058326865	0	0	0	0	0	0	0	0	0	0.0271418008285423	0.0181016432968799	0.00381848006845899
19	110415.906651753	55698.8924308794	5339.93337453624	0	0	0	0	0	0	0	0	0	693.217537219229	385.741560622783	52.0024681823696	45240.2829951525	23920.6269232087	2708.95335247523	0	0	0	0	0	0	0	0	0	70.7769548013462	39.5437154605191	5.40185984887843	3213.99999421096	1996.47362904643	341.201592335434	0	0	0	0	0	0	0	0	0	0.0340252621810818	0.0222145252814423	0.00443275357560633
20	110354.066512789	55670.8982861597	5338.37815652337	0	0	0	0	0	0	0	0	0	755.361350168403	413.873698847191	53.5642533179704	45240.2282292522	23920.5938372322	2708.94819370052	0	0	0	0	0	0	0	0	0	76.237837954769	41.8544876529254	5.45293273620747	3214.03942932696	1996.50120012353	341.207943409307	0	0	0	0	0	0	0	0	0	0.0127577927175823	0.00817529775225536	0.00155400642689713
21	110390.90962649	55689.0777959462	5339.90213404529	0	0	0	0	0	0	0	0	0	718.958596997475	395.951877097077	52.0801604098627	45240.1512935344	23920.5450605316	2708.93937536987	0	0	0	0	0	0	0	0	0	73.0440866767487	40.3560445860061	5.36384131288062	3214.09288329817	1996.53585243905	341.214428606903	0	0	0	0	0	0	0	0	0	0.0285723174838976	0.0182727597577351	0.00345870625846432
22	110400.062010316	55683.7833410894	5334.76834209758	0	0	0	0	0	0	0	0	0	709.218318742035	400.963557027599	57.1959096406261	45240.271149724	23920.6190411652	2708.95172806663	0	0	0	0	0	0	0	0	0	72.6994127779431	41.2851487882734	5.96987629740986	3214.02613927336	1996.48889210127	341.203706908821	0	0	0	0	0	0	0	0	0	0.0368759463066401	0.0242251842975898	0.00492427315349289
23	110461.804127633	55724.265553353	5342.71413709834	0	0	0	0	0	0	0	0	0	646.995057686835	360.185550640147	49.1983879085507	45240.2248256013	23920.5826673375	2708.94179970682	0	0	0	0	0	0	0	0	0	65.7650020504789	36.7298171921474	5.0684228843932	3214.08999002105	1996.53672109108	341.215947865225	0	0	0	0	0	0	0	0	0	0.0225973396609834	0.0146452224933688	0.00287299152275904
24	110517.349879742	55753.9348171866	5346.16027980141	0	0	0	0	0	0	0	0	0	591.586362664612	330.598340126321	45.76562165614	45240.2603081525	23920.6114281391	2708.95003271776	0	0	0	0	0	0	0	0	0	60.116385342988	33.7054041002835	4.71426763598073	3214.0413763683	1996.50208644632	341.207815717388	0	0	0	0	0	0	0	0	0	0.0203558464827697	0.0133040872678729	0.00267251711260086
25	110335.461535786	55643.594768768	5327.39879606205	0	0	0	0	0	0	0	0	0	774.35506976891	441.485758734803	64.626036862292	45240.2008750912	23920.5723556153	2708.94210633753	0	0	0	0	0	0	0	0	0	80.8491995464633	46.4448194520937	6.95387802925801	3213.99587208744	1996.47107505503	341.201080819477	0	0	0	0	0	0	0	0	0	0.0709818828432435	0.0476033327151616	0.0101726623482812
26	110417.249181849	55674.9264746833	5325.90841031951	0	0	0	0	0	0	0	0	0	692.339933869946	410.090996757396	66.1333755693603	45240.079750018	23920.4954093488	2708.92819747287	0	0	0	0	0	0	0	0	0	71.899540654071	42.8119637016207	7.00340875801525	3214.03386211262	1996.49588488155	341.206011513149	0	0	0	0	0	0	0	0	0	0.0287031974236005	0.0195457705943413	0.00432478935102075
27	110524.661301112	55747.6999332969	5341.08475397196	0	0	0	0	0	0	0	0	0	584.254797856225	336.873491248132	50.8687452586668	45240.2785224299	23920.619200187	2708.94962424275	0	0	0	0	0	0	0	0	0	60.4100880218618	35.03499152825	5.38105597065667	3214.01683281764	1996.48512120456	341.204040969982	0	0	0	0	0	0	0	0	0	0.0363707808970112	0.0246539966888126	0.00540059192783635
28	110451.093721398	55696.0328141333	5330.20429129713	0	0	0	0	0	0	0	0	0	658.193798652406	388.792924751813	61.7997747395825	45240.3117267062	23920.6443970063	2708.95619085479	0	0	0	0	0	0	0	0	0	68.6078420339242	40.7633152783983	6.58651148857711	3214.00894591228	1996.47876864754	341.202315129064	0	0	0	0	0	0	0	0	0	0.0412274878751089	0.0278234624924101	0.00602606537114413
29	110433.576984438	55698.9953183517	5334.9792749436	0	0	0	0	0	0	0	0	0	675.896346498949	385.891833146785	57.0192501414822	45240.1835465811	23920.5574961619	2708.93798626453	0	0	0	0	0	0	0	0	0	69.8958568193757	40.1376305373447	6.03146799475961	3214.01287706283	1996.48235395205	341.203403126657	0	0	0	0	0	0	0	0	0	0.0459417182761373	0.0304772607904684	0.0063587075328879
30	110445.500376572	55717.871056999	5343.20097006964	0	0	0	0	0	0	0	0	0	663.316666359267	366.580639694884	48.7063673219968	45240.2312149278	23920.5957037579	2708.94850491483	0	0	0	0	0	0	0	0	0	68.0260212323383	37.7826681692849	5.10310779121961	3214.04392952611	1996.50270709756	341.207368090648	0	0	0	0	0	0	0	0	0	0.0496931541497879	0.0324497424705878	0.00648848256968426
31	110343.277843593	55663.5936016765	5336.99854839565	0	0	0	0	0	0	0	0	0	766.26455387933	421.241907488627	54.9522510600413	45240.3303969243	23920.6599567205	2708.96071971403	0	0	0	0	0	0	0	0	0	78.1871299801537	43.1532389558595	5.70395940430089	3214.03539587908	1996.49808877901	341.206983121971	0	0	0	0	0	0	0	0	0	0.0423662590834313	0.0271235044743173	0.00512787418553487
32	110410.001952085	55685.5952830055	5333.57484485151	0	0	0	0	0	0	0	0	0	699.25681804798	399.155742160706	58.3955510253427	45240.2740333252	23920.6218678647	2708.95271289184	0	0	0	0	0	0	0	0	0	72.0321814022737	41.3361936368789	6.14439890502908	3213.98668152524	1996.46688420012	341.201201651518	0	0	0	0	0	0	0	0	0	0.0371359401095903	0.0248146593036683	0.00524434983957468
33	110426.076691156	55708.8732012939	5342.84386501528	0	0	0	0	0	0	0	0	0	683.083224355189	375.765403076794	49.0867284146406	45240.2186739314	23920.5857436855	2708.94580514997	0	0	0	0	0	0	0	0	0	70.3895103457279	38.9484390975685	5.18731307786809	3214.04035396126	1996.50139667142	341.207541353573	0	0	0	0	0	0	0	0	0	0.0720538398418392	0.0465159274706684	0.00898214333024922
34	110368.773699669	55670.5631072113	5334.56120192304	0	0	0	0	0	0	0	0	0	740.886962024248	414.383887830058	57.4246770000849	45240.1742347014	23920.5607411468	2708.94260342937	0	0	0	0	0	0	0	0	0	75.3164958649318	42.2661565046558	5.91942351098382	3214.01513290184	1996.48462933019	341.20430264163	0	0	0	0	0	0	0	0	0	0.0176747546321228	0.011685360147173	0.00240563162872627
35	110363.337212318	55664.9148439752	5332.85297214409	0	0	0	0	0	0	0	0	0	746.321765081569	420.054216648766	59.146437899896	45240.2032656285	23920.5720681357	2708.94134239773	0	0	0	0	0	0	0	0	0	78.4357258147973	44.5501252890179	6.45211624966961	3213.97624690724	1996.45797375677	341.198373919336	0	0	0	0	0	0	0	0	0	0.111411937933861	0.0737338476901097	0.0152066900137828
36	110472.923339877	55701.5172997857	5328.44609636175	0	0	0	0	0	0	0	0	0	636.426877253968	383.379194060862	63.5808852941373	45240.1913835187	23920.5702842979	2708.94341953394	0	0	0	0	0	0	0	0	0	66.175121150628	40.049968885464	6.72794271322126	3213.96771623074	1996.45385152857	341.198581362536	0	0	0	0	0	0	0	0	0	0.025373346205634	0.017285404088715	0.00381956340567803
37	110375.013037143	55653.4278163008	5324.74230048219	0	0	0	0	0	0	0	0	0	734.895125319631	431.756828909563	67.3132644285937	45240.1859761552	23920.5706462732	2708.9452146064	0	0	0	0	0	0	0	0	0	76.0805653227966	44.9231930471572	7.10622083413984	3213.93244274625	1996.42975713276	341.193436677193	0	0	0	0	0	0	0	0	0	0.0305136220422046	0.0205211854315174	0.00439971748194389
38	110421.543507407	55666.9670796653	5320.82652194316	0	0	0	0	0	0	0	0	0	687.676693160495	417.87288966543	71.2025411221477	45240.1588153355	23920.5413235082	2708.93488878952	0	0	0	0	0	0	0	0	0	72.7465575898824	44.4746893402294	7.70077708318601	3214.05583551193	1996.50968095509	341.208272903398	0	0	0	0	0	0	0	0	0	0.0478454864582246	0.0326213718203461	0.00723523691018689
39	110387.879020121	55688.0858218037	5340.52189860824	0	0	0	0	0	0	0	0	0	721.527091760534	396.686338027719	51.4245005660745	45240.2256365695	23920.5874800332	2708.94494089445	0	0	0	0	0	0	0	0	0	73.1988868183998	40.3635214516646	5.28539235168811	3214.04178636464	1996.50186621188	341.207539473918	0	0	0	0	0	0	0	0	0	0.0250225770849762	0.0161930158649489	0.00314926455975667
40	110425.833240686	55689.0934087939	5332.1886904472	0	0	0	0	0	0	0	0	0	683.852233413527	395.933040853322	59.8327624406557	45240.0318650929	23920.4717973484	2708.92695813447	0	0	0	0	0	0	0	0	0	70.2441249941517	40.8519879929148	6.25550430892189	3214.06565334135	1996.51711723942	341.210305611388	0	0	0	0	0	0	0	0	0	0.0238935841561524	0.0161319948212699	0.00349470690418874
41	110467.077830011	55721.3499113008	5340.25654827866	0	0	0	0	0	0	0	0	0	642.418781199853	363.530386999326	51.7298300868371	45240.210570964	23920.5772777056	2708.94275116179	0	0	0	0	0	0	0	0	0	66.5436987388892	37.9035629741277	5.50473619677939	3214.03680192312	1996.49779674599	341.206229017768	0	0	0	0	0	0	0	0	0	0.0503027631614446	0.0335668863809284	0.00707380195259598
42	110436.875767837	55708.4224093255	5340.62502760412	0	0	0	0	0	0	0	0	0	672.437027122127	376.334547211295	51.3327034212698	45240.0926298517	23920.5074519554	2708.93226513231	0	0	0	0	0	0	0	0	0	68.5024661635339	38.4818952275449	5.3139606647549	3214.03681417998	1996.49955442788	341.207575296757	0	0	0	0	0	0	0	0	0	0.0229132266961499	0.0151706948409367	0.00312391576180931
43	110469.234565167	55714.1007688171	5335.61450753053	0	0	0	0	0	0	0	0	0	639.935461502667	370.621042845349	56.3603436510671	45240.1835757395	23920.5649735554	2708.94259846528	0	0	0	0	0	0	0	0	0	65.5424129165416	38.113106472803	5.86438943075547	3214.06737037619	1996.5172590913	341.209906488361	0	0	0	0	0	0	0	0	0	0.0182832706629849	0.012357179873256	0.00268592297515119
44	110514.25313364	55728.4544347535	5333.09618697978	0	0	0	0	0	0	0	0	0	594.932160180816	356.335402353138	58.9133528745247	45240.2409638341	23920.5991941238	2708.94772324662	0	0	0	0	0	0	0	0	0	62.7655171839071	37.8552116813986	6.37688881010029	3214.02591316217	1996.49069986286	341.204928027151	0	0	0	0	0	0	0	0	0	0.0524314435088879	0.0358067348380034	0.00797147641864479
45	110451.423748007	55722.2100619255	5344.66292245716	0	0	0	0	0	0	0	0	0	657.878219304586	362.50966372167	47.2778807265601	45240.2063362918	23920.5792646087	2708.94516413642	0	0	0	0	0	0	0	0	0	66.5761874451498	36.7773929778295	4.83703936079079	3214.0182641853	1996.48640533074	341.20448254814	0	0	0	0	0	0	0	0	0	0.0182293498301884	0.0117534178419752	0.00226497909661479
46	110325.724813167	55649.485164778	5333.58163086343	0	0	0	0	0	0	0	0	0	783.955817667231	435.455554714473	58.3945690343144	45240.281759076	23920.6250600165	2708.95251111727	0	0	0	0	0	0	0	0	0	79.8644110166293	44.5239354560232	6.04263812741279	3213.99734162975	1996.47191093939	341.201309430708	0	0	0	0	0	0	0	0	0	0.0286575474567508	0.0186600304648761	0.00368364853685026
47	110469.840629108	55722.5479428449	5340.40104412566	0	0	0	0	0	0	0	0	0	639.181999070699	362.061851693447	51.5453633565676	45240.2326712949	23920.5919908676	2708.94578680623	0	0	0	0	0	0	0	0	0	65.953132930058	37.5800106694401	5.45004740834636	3214.00330158261	1996.4769105125	341.20271393883	0	0	0	0	0	0	0	0	0	0.0445505488643015	0.029932895771486	0.00640735471109046
48	110469.902249689	55720.004975691	5338.81940437361	0	0	0	0	0	0	0	0	0	639.224987110173	364.680736963759	53.1460267884063	45240.2110161622	23920.578115532	2708.94290153249	0	0	0	0	0	0	0	0	0	66.7537410858527	38.3803113065677	5.72699281300579	3214.02093372022	1996.48525023164	341.202819248794	0	0	0	0	0	0	0	0	0	0.0623046334152593	0.0419311323864616	0.00901450182740116
49	110470.738516588	55730.7091190154	5344.90504719596	0	0	0	0	0	0	0	0	0	638.588173477918	354.041102458825	47.0461548552281	45240.0901150563	23920.5050473554	2708.93147753679	0	0	0	0	0	0	0	0	0	64.676502396388	35.9550258218608	4.82144737421245	3214.04022759666	1996.50224945423	341.208324341997	0	0	0	0	0	0	0	0	0	0.0166243229500482	0.0108969629887844	0.00219245948207963
50	110425.928330016	55708.7457129866	5342.90550438906	0	0	0	0	0	0	0	0	0	683.207525381634	375.879402026069	49.0229861340512	45240.2345448838	23920.5969717639	2708.94821200702	0	0	0	0	0	0	0	0	0	69.4916674787446	38.3668042767343	5.06324000554312	3214.01261050254	1996.48200777776	341.203312838316	0	0	0	0	0	0	0	0	0	0.027408364861072	0.0177703914318287	0.00347287116903993
51	110445.559379145	55710.8607544135	5338.8841510285	0	0	0	0	0	0	0	0	0	663.467679366796	373.73858376324	53.0583386274697	45240.2315412357	23920.5921998178	2708.946140532	0	0	0	0	0	0	0	0	0	67.8871436636428	38.4148899633386	5.53030170319868	3214.0518629008	1996.50724387093	341.207955875844	0	0	0	0	0	0	0	0	0	0.0265220016832637	0.0177436866016868	0.00377019588135201
52	110406.4105051	55690.4294870907	5337.27043021768	0	0	0	0	0	0	0	0	0	703.076604380885	394.428201469492	54.7052909541019	45240.1979072467	23920.5714615693	2708.94270794922	0	0	0	0	0	0	0	0	0	72.0440817366664	40.6068617874201	5.71628267865345	3214.01837469408	1996.48547741002	341.20377069516	0	0	0	0	0	0	0	0	0	0.0352932978200016	0.0232033756683683	0.00470077151065609
53	110423.78881627	55692.209531722	5333.66514787018	0	0	0	0	0	0	0	0	0	685.636728648414	392.652759759293	58.3294172491163	45240.1636726117	23920.5502599367	2708.93904340047	0	0	0	0	0	0	0	0	0	70.5824169635545	40.6261446030814	6.12513520283098	3213.98362717882	1996.46293797104	341.199598902002	0	0	0	0	0	0	0	0	0	0.0340461392896859	0.0228645214353519	0.00490782509626552
54	110412.384673691	55694.3372617586	5337.58437470437	0	0	0	0	0	0	0	0	0	697.196282816271	390.563524955581	54.3956308032888	45240.2499377688	23920.6020978632	2708.94734661682	0	0	0	0	0	0	0	0	0	70.6547008152172	39.6901388218839	5.57607357752245	3214.0546746646	1996.50923773262	341.208494581466	0	0	0	0	0	0	0	0	0	0.0124348108768106	0.0081744331607199	0.00166542590774672
55	110444.300240981	55687.9277650049	5327.59064489759	0	0	0	0	0	0	0	0	0	665.415148214043	397.180304328208	64.4683750868587	45240.0793172309	23920.4986783556	2708.9303846558	0	0	0	0	0	0	0	0	0	70.0576498157414	42.0984016478908	6.96302549444399	3214.00700894507	1996.4775320865	341.201927218775	0	0	0	0	0	0	0	0	0	0.0515204056342558	0.0349925267030087	0.00767947426396679
56	110457.006580252	55700.3777443482	5332.07374156207	0	0	0	0	0	0	0	0	0	652.539548551315	384.605354745448	59.9528800562647	45240.1174344586	23920.5197267566	2708.9330139534	0	0	0	0	0	0	0	0	0	68.4199969993535	40.595594726079	6.45347480241456	3214.0287923916	1996.49306619847	341.205546998632	0	0	0	0	0	0	0	0	0	0.0624475620506615	0.0419124794059024	0.00891912892985321
57	110460.945204258	55708.6763478752	5334.91502569274	0	0	0	0	0	0	0	0	0	648.356025556656	376.131156316773	57.0755266379805	45240.2214200926	23920.5853472552	2708.94476061142	0	0	0	0	0	0	0	0	0	67.4136963857965	39.3477225492975	6.07800419660617	3214.01194021129	1996.48163463474	341.203175879939	0	0	0	0	0	0	0	0	0	0.0519863504474001	0.0345482239662003	0.00719640597800151
58	110393.526026928	55686.9011604949	5338.0805075586	0	0	0	0	0	0	0	0	0	715.705263724488	397.783565001602	53.8594544399862	45240.2870705534	23920.6320676387	2708.95549825928	0	0	0	0	0	0	0	0	0	72.7860046320424	40.594695806213	5.55886016030006	3214.04381378682	1996.50313623202	341.207859187103	0	0	0	0	0	0	0	0	0	0.0228033385302522	0.01499463295609	0.00304310732431445
59	110325.410871474	55636.3944527622	5325.37844822971	0	0	0	0	0	0	0	0	0	784.744293497949	448.900439989072	66.6884964390804	45240.1448224067	23920.5322281426	2708.93285490579	0	0	0	0	0	0	0	0	0	82.8261648089261	47.8268373810646	7.30280944412944	3213.970044979	1996.45307518881	341.197045879013	0	0	0	0	0	0	0	0	0	0.0869097275070289	0.0586765950174624	0.0127438158006866
60	110440.747227906	55719.142369225	5345.00321423335	0	0	0	0	0	0	0	0	0	667.998018626353	365.24598319867	46.8865661817877	45240.4136395141	23920.7049313556	2708.9654294356	0	0	0	0	0	0	0	0	0	67.4528098857931	36.9604390200972	4.77913943534247	3214.04099914657	1996.50068731458	341.206987984731	0	0	0	0	0	0	0	0	0	0.014948380568803	0.00962864513074151	0.00185066727812501
61	110511.965348781	55727.9479632702	5334.41864264153	0	0	0	0	0	0	0	0	0	597.103332105206	356.773920021543	57.5764544089448	45240.3241062871	23920.6480267766	2708.95478268988	0	0	0	0	0	0	0	0	0	62.2047555263802	37.367752019838	6.12455675804681	3213.92277898617	1996.42147959913	341.190884934974	0	0	0	0	0	0	0	0	0	0.0354174626552767	0.0241191310732932	0.00531612887377876
62	110340.183346436	55650.128629794	5330.80515516884	0	0	0	0	0	0	0	0	0	769.526395500266	434.865014102993	61.1923398078689	45240.1884665291	23920.5646268826	2708.94085580373	0	0	0	0	0	0	0	0	0	79.2248365888845	45.0090754663297	6.44075547808911	3214.04746671552	1996.50669667126	341.209051215985	0	0	0	0	0	0	0	0	0	0.0442865161287617	0.0293720948832467	0.00609068852304499
63	110394.826137752	55679.2544419145	5334.12372132799	0	0	0	0	0	0	0	0	0	714.48641936228	405.520013192976	57.8459161161837	45240.2729510638	23920.6158582713	2708.94901369167	0	0	0	0	0	0	0	0	0	74.2111342587951	42.4002163103439	6.17381403706264	3214.04448678527	1996.50386073997	341.208113807202	0	0	0	0	0	0	0	0	0	0.0658881444978262	0.0434300887249925	0.00885149156929631
64	110377.612199098	55676.3398471732	5336.42706167254	0	0	0	0	0	0	0	0	0	731.999297196787	408.579740341626	55.5531950354429	45240.211157826	23920.5764178391	2708.94185832636	0	0	0	0	0	0	0	0	0	74.8599111171375	41.9674114845376	5.78793944666021	3214.02226128916	1996.48914138569	341.205142829487	0	0	0	0	0	0	0	0	0	0.0371364095226675	0.0244857614838101	0.00500586362632166
65	110358.935890071	55661.6160464021	5332.46381220841	0	0	0	0	0	0	0	0	0	750.868685396963	423.436848600179	59.5450720952609	45239.9962799585	23920.4467118045	2708.92134799223	0	0	0	0	0	0	0	0	0	76.9369453231634	43.5911225915954	6.22168366954884	3214.05738975339	1996.51201841481	341.209459247834	0	0	0	0	0	0	0	0	0	0.029998243408835	0.0200898602148326	0.00426682225322788
66	110439.885820399	55701.2609973601	5335.09138765493	0	0	0	0	0	0	0	0	0	669.399290473873	383.512562991691	56.8857521679943	45240.1195308942	23920.5221335453	2708.93376125327	0	0	0	0	0	0	0	0	0	68.4909949945636	39.396444335031	5.91214414011063	3214.05478603156	1996.51264162901	341.210888130027	0	0	0	0	0	0	0	0	0	0.0216415327739974	0.014325683343092	0.00296753883078021
67	110415.666883226	55704.1084144272	5342.56861649692	0	0	0	0	0	0	0	0	0	693.483936109091	380.520582699286	49.3591112502038	45240.2376786912	23920.5971593967	2708.94766595255	0	0	0	0	0	0	0	0	0	70.6726586810829	38.9277555833946	5.11484937833976	3214.01769334646	1996.48591360035	341.204307064292	0	0	0	0	0	0	0	0	0	0.036696407457695	0.0237190941114075	0.00460278667457986
68	110424.32461581	55681.8231915598	5329.08906654863	0	0	0	0	0	0	0	0	0	684.882640655683	402.948283944812	62.9012185382654	45240.1536385232	23920.5407448545	2708.93576843362	0	0	0	0	0	0	0	0	0	70.7535477700605	41.8219510638355	6.61732659021292	3214.06566868027	1996.5204796426	341.212649028172	0	0	0	0	0	0	0	0	0	0.0288171367641475	0.0193161861255812	0.00410630875209286
69	110393.779246364	55681.8955834098	5335.62019729537	0	0	0	0	0	0	0	0	0	715.677201209271	402.958431775975	56.3609129155893	45240.2081453963	23920.5741425147	2708.94110619382	0	0	0	0	0	0	0	0	0	74.2199584718349	42.0759989415941	6.01411542142645	3213.97584769024	1996.45825545409	341.198926460263	0	0	0	0	0	0	0	0	0	0.0618012433730806	0.041252085794473	0.00869746614176736
70	110451.973113702	55694.2076090294	5329.39857940125	0	0	0	0	0	0	0	0	0	657.676761311056	390.848942884919	62.6467749931655	45240.2046732774	23920.5748983497	2708.94287535815	0	0	0	0	0	0	0	0	0	69.6868315030044	41.7363755441381	6.83887742526721	3214.04120131537	1996.50194840962	341.207614732269	0	0	0	0	0	0	0	0	0	0.0704686698483852	0.047742111150219	0.0104145455209663
71	110419.603466761	55699.3213894946	5338.92142300788	0	0	0	0	0	0	0	0	0	689.536680601237	385.327808103697	53.0202477909628	45240.2418645149	23920.5980748278	2708.94715822345	0	0	0	0	0	0	0	0	0	69.9604679593657	39.2116551654304	5.44700213416177	3214.05795459692	1996.51181209914	341.209262879471	0	0	0	0	0	0	0	0	0	0.0164679349414519	0.0108738514462877	0.00223274964425567
72	110367.843682192	55673.9212948821	5336.86075969084	0	0	0	0	0	0	0	0	0	741.33071763399	410.732571561148	55.0760143767122	45240.2381760538	23920.6017652012	2708.95035182179	0	0	0	0	0	0	0	0	0	76.2682431351663	42.4951087283392	5.80414311184942	3214.05086335856	1996.50465921027	341.206505303937	0	0	0	0	0	0	0	0	0	0.0562526666118806	0.0370471125647728	0.00756285748243661
73	110417.244158304	55675.0362399385	5325.73129980144	0	0	0	0	0	0	0	0	0	692.340492093968	409.977733195311	66.3116247024016	45240.2765839816	23920.6175826107	2708.94914358225	0	0	0	0	0	0	0	0	0	73.3244905701435	43.7698392138471	7.23473293011175	3214.02608738148	1996.49102018794	341.205074288164	0	0	0	0	0	0	0	0	0	0.0630120455183566	0.042842276524303	0.00944760928327362
74	110459.881390078	55722.9685187792	5342.78962078918	0	0	0	0	0	0	0	0	0	649.639206627821	361.892376606878	49.1798758119622	45240.1773404213	23920.5590105904	2708.94079892051	0	0	0	0	0	0	0	0	0	65.8218787976131	36.7684929124739	5.04157635998665	3214.0456228344	1996.50387166259	341.207746918533	0	0	0	0	0	0	0	0	0	0.0159381276563005	0.0104460018280208	0.00210840436570911
75	110355.009657312	55651.3843975976	5326.97203052902	0	0	0	0	0	0	0	0	0	754.90004760032	433.77211016182	65.0744740408498	45240.1732543554	23920.5501257284	2708.93591615636	0	0	0	0	0	0	0	0	0	79.3704703246579	46.0001282186297	7.07535154228846	3213.99075691042	1996.4678454912	341.200534027692	0	0	0	0	0	0	0	0	0	0.0773945416031674	0.0523727632511015	0.0114329545115657
76	110450.043933063	55687.7788524704	5325.45710816829	0	0	0	0	0	0	0	0	0	659.695360740109	397.366033296559	66.6212002120531	45240.1876534883	23920.5595080293	2708.93759150814	0	0	0	0	0	0	0	0	0	70.8117230106663	43.0186754641196	7.37743193644814	3213.99243240579	1996.46858351068	341.200598156272	0	0	0	0	0	0	0	0	0	0.0819140540544198	0.0558756476646235	0.0124070495568459
77	110383.640960861	55683.8685806335	5338.93297222624	0	0	0	0	0	0	0	0	0	725.878815916593	400.974036728484	53.0266309613217	45240.1981250894	23920.5717700365	2708.94278644076	0	0	0	0	0	0	0	0	0	73.6751850135049	40.8245407319039	5.45471007514859	3214.07160885601	1996.52099894525	341.211046734965	0	0	0	0	0	0	0	0	0	0.0216829925906175	0.0140994623006751	0.002777236078953
78	110459.176422565	55715.1743363878	5338.28763445785	0	0	0	0	0	0	0	0	0	650.11667857298	369.600928854119	53.6895235082293	45240.1829003527	23920.5622514719	2708.94109983069	0	0	0	0	0	0	0	0	0	67.5129696251172	38.6506179782974	5.73422292342994	3213.97945580023	1996.46024543232	341.198967099607	0	0	0	0	0	0	0	0	0	0.049437906462167	0.0332623865730465	0.00715484887953566
79	110449.322419926	55711.4461556538	5339.19292768989	0	0	0	0	0	0	0	0	0	660.06443191247	373.376149939206	52.7846693678302	45240.01630258	23920.4593444301	2708.92373869221	0	0	0	0	0	0	0	0	0	68.2103692467333	38.8234494477832	5.59671911332447	3214.05750274359	1996.51177563177	341.209217040821	0	0	0	0	0	0	0	0	0	0.0466207556252876	0.0311995549478445	0.00660437600624407
80	110458.770843289	55721.2275330356	5342.0466624701	0	0	0	0	0	0	0	0	0	650.454131513603	363.469672135379	49.9012666933507	45240.2309675075	23920.5963555767	2708.94897139365	0	0	0	0	0	0	0	0	0	66.4998164737161	37.3244646860918	5.19763827618517	3214.02443987889	1996.4895661017	341.204734523309	0	0	0	0	0	0	0	0	0	0.0309486914233455	0.0204321685887295	0.00419601990769555
81	110392.433688173	55690.0133089728	5340.14905451609	0	0	0	0	0	0	0	0	0	716.742627537247	394.633072865225	51.7824481500867	45240.2056099194	23920.5774110215	2708.94430839897	0	0	0	0	0	0	0	0	0	72.4689373388151	39.99698117545	5.29100402840768	3214.05992068826	1996.51250668947	341.209000922479	0	0	0	0	0	0	0	0	0	0.0139422414828039	0.00915977346928302	0.00185819624198029
82	110460.833123864	55712.4781077498	5336.53290965488	0	0	0	0	0	0	0	0	0	648.065704041273	372.071201057294	55.4106823540945	45240.3318498284	23920.653929831	2708.95652906383	0	0	0	0	0	0	0	0	0	65.8858238266873	37.9379469422862	5.69867895431985	3214.03253738078	1996.49441001037	341.205441950098	0	0	0	0	0	0	0	0	0	0.00990266205557996	0.00659524084728438	0.00138554053107297
83	110489.045391615	55731.7860725232	5341.98477398682	0	0	0	0	0	0	0	0	0	620.290211581187	353.010990535224	49.9876360079192	45240.1898469214	23920.5659658407	2708.94136326233	0	0	0	0	0	0	0	0	0	63.4862198842166	36.2802491787267	5.20579320937159	3213.98773337926	1996.46716632354	341.201236080683	0	0	0	0	0	0	0	0	0	0.0302581103872174	0.0198447804787883	0.0039796283549439
84	110435.124986685	55700.9105257312	5336.1484072753	0	0	0	0	0	0	0	0	0	674.183308837691	383.879646365996	55.8329703623332	45240.1532210003	23920.5389053432	2708.93471578312	0	0	0	0	0	0	0	0	0	69.3148234073297	39.6675031056159	5.85806560185946	3214.00921343513	1996.47858228366	341.202152955406	0	0	0	0	0	0	0	0	0	0.0326067073704461	0.0217739307321694	0.00459615764184411
85	110375.935554061	55662.0307576394	5328.30753078461	0	0	0	0	0	0	0	0	0	733.672851611776	422.946906722503	63.7080969003546	45240.213470158	23920.5811805622	2708.94440215812	0	0	0	0	0	0	0	0	0	75.7879274013014	43.9295190818176	6.72316392680176	3213.98676083791	1996.46401311849	341.199308227369	0	0	0	0	0	0	0	0	0	0.0351668661810783	0.0237127482714111	0.00513021801520422
86	110338.253260883	55644.0752607833	5327.00457631659	0	0	0	0	0	0	0	0	0	771.435242563042	440.934493855599	65.0111928804601	45240.1767208561	23920.5573677151	2708.93978030016	0	0	0	0	0	0	0	0	0	80.8109953357811	46.5580411286103	7.02752228753912	3214.03155980785	1996.49275766642	341.204375480058	0	0	0	0	0	0	0	0	0	0.078941527301378	0.052875243158633	0.0112654931268767
87	110403.83703203	55701.5139377342	5344.24861437434	0	0	0	0	0	0	0	0	0	705.263979877972	383.069859312621	47.6647856005757	45240.2681833158	23920.6111384358	2708.94765614088	0	0	0	0	0	0	0	0	0	71.3822836041717	38.8649634844744	4.87600936661846	3214.04250558043	1996.50375764078	341.208582555622	0	0	0	0	0	0	0	0	0	0.0287021793995123	0.0181455757492518	0.00330811252723819
88	110336.833052834	55647.8269872146	5330.00459128011	0	0	0	0	0	0	0	0	0	772.73889599624	437.089399432077	61.9831719418558	45240.2627969662	23920.6151897468	2708.95168449993	0	0	0	0	0	0	0	0	0	79.8466130093288	45.4382323237438	6.56685560652525	3213.98461712106	1996.46505377306	341.200709966898	0	0	0	0	0	0	0	0	0	0.054005001414877	0.0361914856936454	0.00770456335831198
89	110401.184310331	55690.6569943712	5338.70032790455	0	0	0	0	0	0	0	0	0	708.130615987033	394.083681081486	53.2502280684403	45240.243644941	23920.6049642646	2708.9507248594	0	0	0	0	0	0	0	0	0	72.9846483495872	40.8542627301931	5.62584221281967	3214.02840998288	1996.49232970069	341.20518826052	0	0	0	0	0	0	0	0	0	0.0570676029601997	0.037407215704111	0.0075206290411897
90	110529.474477496	55736.7707740489	5334.0681616489	0	0	0	0	0	0	0	0	0	579.344441129551	347.80266445559	57.9074832605451	45240.2328044075	23920.5907958721	2708.94475982669	0	0	0	0	0	0	0	0	0	60.702720742401	36.6538730437843	6.19735709993649	3214.02601169828	1996.49059625069	341.204821147979	0	0	0	0	0	0	0	0	0	0.040954423740951	0.0278849739823858	0.00617362486698875
91	110514.503780729	55735.9688905974	5337.44374701623	0	0	0	0	0	0	0	0	0	594.775846306455	348.845580697923	54.5556782230036	45240.1462944006	23920.5395215736	2708.93732836574	0	0	0	0	0	0	0	0	0	61.6432233749297	36.3514395095108	5.77359675846376	3214.04488943361	1996.50200493137	341.206556663474	0	0	0	0	0	0	0	0	0	0.0330292722931256	0.0222795481166687	0.00482029723354133
92	110461.9788922	55720.6074727794	5340.50856305387	0	0	0	0	0	0	0	0	0	647.550054267412	364.281825976479	51.4781344358593	45240.2392363169	23920.5951586017	2708.94563461288	0	0	0	0	0	0	0	0	0	67.2534171591973	38.1034701089741	5.50303167832688	3213.98853516922	1996.4656673965	341.199843722023	0	0	0	0	0	0	0	0	0	0.064086375187222	0.0421798075567145	0.00859135548266757
93	110381.873413481	55674.053980637	5333.2890371861	0	0	0	0	0	0	0	0	0	727.939559419652	411.011557097067	58.7294535520142	45240.137185922	23920.5294600577	2708.9332428754	0	0	0	0	0	0	0	0	0	76.6973905176488	43.7239898421904	6.43301314413161	3214.00588131309	1996.47751997984	341.20224416095	0	0	0	0	0	0	0	0	0	0.102548261192384	0.0683879560003938	0.0143987030433876
94	110398.282308849	55682.7863766185	5335.27176548289	0	0	0	0	0	0	0	0	0	711.00255867324	401.964856124707	56.6909998412049	45240.2048688956	23920.5753933775	2708.94311125451	0	0	0	0	0	0	0	0	0	73.0945904032564	41.5369431391578	5.95414553974831	3214.06106485823	1996.51482862119	341.210267819203	0	0	0	0	0	0	0	0	0	0.041829392122004	0.0278675535063279	0.00583854608919364
95	110460.544623928	55716.1852579586	5338.85238034729	0	0	0	0	0	0	0	0	0	648.345631800688	368.34838694328	53.0835458830104	45240.1776037163	23920.5574089039	2708.93963779606	0	0	0	0	0	0	0	0	0	65.9307876455825	37.5757286372753	5.46748069924583	3214.05428981487	1996.50847880498	341.208102910423	0	0	0	0	0	0	0	0	0	0.0149586213248665	0.00992359632671921	0.00206390802780107
96	110442.782893447	55695.9392833504	5332.30526264666	0	0	0	0	0	0	0	0	0	666.704295479096	388.985513074072	59.7062256483094	45240.1843529033	23920.5647057429	2708.94227660586	0	0	0	0	0	0	0	0	0	69.7661605017179	40.9906638597516	6.42208595193923	3214.04604789605	1996.50214467126	341.20627082847	0	0	0	0	0	0	0	0	0	0.0571313438576327	0.0385543719075537	0.00832195740608549
97	110357.038795952	55652.4385399409	5328.28531312814	0	0	0	0	0	0	0	0	0	752.341680322489	432.398425454062	63.702940881584	45240.2335773755	23920.5931466881	2708.94582517683	0	0	0	0	0	0	0	0	0	78.31451053712	45.3087702167945	6.81036580261202	3214.04343884898	1996.50021903648	341.205888308265	0	0	0	0	0	0	0	0	0	0.0613815091217264	0.0410005328672574	0.00864915563766814
98	110329.504636946	55629.1774482332	5321.6023976017	0	0	0	0	0	0	0	0	0	780.600149078966	456.119801740061	70.4722782198262	45240.1672596732	23920.5505762444	2708.93777978592	0	0	0	0	0	0	0	0	0	81.742247549041	48.0980833481759	7.58276657981836	3214.0100425705	1996.47974891567	341.202596855888	0	0	0	0	0	0	0	0	0	0.058661597870327	0.0396153096370798	0.00857463187982632
99	110406.86714244	55696.1493900886	5340.16009362229	0	0	0	0	0	0	0	0	0	702.327978693576	388.523841622683	51.7814277174793	45240.1693264254	23920.5520245384	2708.93856913369	0	0	0	0	0	0	0	0	0	72.7394442123986	40.5133061783477	5.52037045826166	3214.03783556328	1996.50194885576	341.208692519699	0	0	0	0	0	0	0	0	0	0.0832701728456781	0.0542864991086531	0.0107767971841155
100	110466.937018508	55724.4203402243	5341.66831879482	0	0	0	0	0	0	0	0	0	642.213060642159	360.243426634797	50.2791924188931	45240.1767809878	23920.5651098675	2708.94457580562	0	0	0	0	0	0	0	0	0	65.4487070633587	36.8468082788256	5.2012738538616	3213.9967039919	1996.47085441754	341.200774077332	0	0	0	0	0	0	0	0	0	0.0238021362632722	0.0154927094537436	0.00306913887724024
101	110414.417064794	55707.6542162342	5344.58627403855	0	0	0	0	0	0	0	0	0	694.580934846581	376.857082906346	47.3129722657835	45240.3440027076	23920.6654507975	2708.96028185334	0	0	0	0	0	0	0	0	0	70.2737578972466	38.2214720127074	4.83862105133652	3214.0629412489	1996.51712863227	341.211227953461	0	0	0	0	0	0	0	0	0	0.0231320135024126	0.0147001875905096	0.00272755935335495
102	110426.819659642	55692.9540411281	5333.95373225293	0	0	0	0	0	0	0	0	0	682.565871286314	391.881155036383	58.0333507384307	45240.2627005359	23920.6147339383	2708.95150572033	0	0	0	0	0	0	0	0	0	70.2926912550792	40.5627771047821	6.0990479549713	3214.01190757962	1996.47963235976	341.201897703472	0	0	0	0	0	0	0	0	0	0.0345124391670797	0.0231960662616593	0.00497540272751688
103	110398.237056768	55688.5533389196	5338.17184606077	0	0	0	0	0	0	0	0	0	711.257617744294	396.292657882815	53.7951867464861	45240.2477089329	23920.6066932399	2708.950782214	0	0	0	0	0	0	0	0	0	73.0353177404326	40.9053667620893	5.64720502919053	3213.99397351223	1996.46930766875	341.200569790704	0	0	0	0	0	0	0	0	0	0.049453615545382	0.0325068249097109	0.0065778944883218
104	110445.717238596	55697.7708526677	5332.79986979362	0	0	0	0	0	0	0	0	0	663.689358434976	387.108728399418	59.2041895794128	45240.0639264602	23920.4908026257	2708.9296551429	0	0	0	0	0	0	0	0	0	69.3787656884438	40.7473296579757	6.36089069288211	3214.0463968624	1996.5045179106	341.207854493317	0	0	0	0	0	0	0	0	0	0.0514649507699637	0.0348274390489611	0.00757208276555057
105	110423.466783003	55684.76058154	5329.60046050454	0	0	0	0	0	0	0	0	0	685.970951142307	400.13943978087	62.4127749031761	45240.1304086657	23920.5260955139	2708.93329965713	0	0	0	0	0	0	0	0	0	70.7569939554328	41.4739514344576	6.55650104415065	3214.0401032195	1996.49998379148	341.206782970042	0	0	0	0	0	0	0	0	0	0.0251483075133854	0.0169737163978096	0.00368342058632551
106	110330.06104859	55657.4170806113	5336.28155091273	0	0	0	0	0	0	0	0	0	779.434762564954	427.40669090412	55.6748995011925	45240.1704783599	23920.5546205571	2708.93983845354	0	0	0	0	0	0	0	0	0	79.6423545134378	43.8594920966858	5.79472619708602	3214.02264090501	1996.48930200761	341.205001290676	0	0	0	0	0	0	0	0	0	0.0489693119454151	0.0316245321662654	0.00613729525821728
107	110422.53988926	55683.434259545	5329.74941336595	0	0	0	0	0	0	0	0	0	686.861230446243	401.445341130255	62.2588840829767	45240.2245608277	23920.5883934539	2708.94553364137	0	0	0	0	0	0	0	0	0	72.3840801736349	42.6355271083473	6.76024067244521	3214.03503088883	1996.49554779596	341.205302777767	0	0	0	0	0	0	0	0	0	0.0771750187560569	0.0516463993426345	0.010955048153035
108	110465.59113137	55716.1195892361	5337.29852500634	0	0	0	0	0	0	0	0	0	643.41445963906	368.493003510121	54.6551000488083	45240.1839371061	23920.5634362415	2708.94160405308	0	0	0	0	0	0	0	0	0	65.6375523758249	37.7283088041358	5.6562803866492	3214.04894058934	1996.50555649363	341.207765237256	0	0	0	0	0	0	0	0	0	0.0157679463951279	0.0106417714047473	0.00230848495405763
109	110450.55455044	55727.8495551431	5347.75000453292	0	0	0	0	0	0	0	0	0	658.347604162485	356.627797560565	44.1508043612018	45240.1791254871	23920.561053608	2708.94137213438	0	0	0	0	0	0	0	0	0	66.8826240793501	36.352798953369	4.5540615019654	3214.03017986519	1996.49503102881	341.206567708562	0	0	0	0	0	0	0	0	0	0.0341821460449851	0.022014114847393	0.00421807009085326
110	110342.280563133	55646.1874655256	5327.02857704566	0	0	0	0	0	0	0	0	0	767.922444677601	439.119506473355	65.0326520933045	45240.1954933794	23920.5715959404	2708.94328019679	0	0	0	0	0	0	0	0	0	80.411706881472	46.3536636518442	7.02937432588257	3214.01788406588	1996.48415830539	341.202954238549	0	0	0	0	0	0	0	0	0	0.0728099646672572	0.0490569725973849	0.0106080716459209
111	110390.602517373	55667.3609928824	5328.25210585622	0	0	0	0	0	0	0	0	0	719.158120695764	417.711328595309	63.7781803351369	45240.1603713242	23920.553341892	2708.94185330335	0	0	0	0	0	0	0	0	0	73.9546222056502	43.147901950923	6.67379222010389	3214.04844658469	1996.50440786513	341.207161643576	0	0	0	0	0	0	0	0	0	0.0234141978529152	0.0156893392482686	0.00334081023153512
112	110486.95048256	55739.0435570906	5345.50235815288	0	0	0	0	0	0	0	0	0	622.232214824873	345.627232495367	46.4409971341085	45240.1758145821	23920.5523378948	2708.93676989539	0	0	0	0	0	0	0	0	0	63.2603528633726	35.2577208941737	4.79005428382604	3214.07124996286	1996.52062764562	341.210892988744	0	0	0	0	0	0	0	0	0	0.0247634689942322	0.0160740310309437	0.00315499650940989
113	110488.887954818	55729.9514631617	5339.76466409491	0	0	0	0	0	0	0	0	0	620.153052605449	354.684849793938	52.1923266354361	45240.0520322741	23920.4840449957	2708.92907366874	0	0	0	0	0	0	0	0	0	63.6733962807877	36.5916875671011	5.46261997294817	3214.03483221612	1996.4967529596	341.206226671423	0	0	0	0	0	0	0	0	0	0.027764534772049	0.0186770889435786	0.00401474829077543
114	110420.44340667	55703.7163692385	5340.98713140585	0	0	0	0	0	0	0	0	0	688.7783875201	380.975617462649	50.9602060654048	45240.2213654604	23920.5856524735	2708.94494918718	0	0	0	0	0	0	0	0	0	70.7301061929437	39.3310457357967	5.35296067897444	3213.96600047547	1996.45044247284	341.196703269069	0	0	0	0	0	0	0	0	0	0.0481340718014629	0.03150033035937	0.00631509012865233
115	110438.133099586	55704.7421532724	5338.19850295666	0	0	0	0	0	0	0	0	0	671.452702732723	380.194293525254	53.7955201333662	45240.0513521451	23920.4817401242	2708.92780226171	0	0	0	0	0	0	0	0	0	69.3388776171847	39.4881571758493	5.68888831879539	3214.03101854619	1996.49391561597	341.205477441737	0	0	0	0	0	0	0	0	0	0.0529080641018853	0.0346332353904221	0.00694271194519189
116	110512.177609074	55740.5221560404	5340.24824102	0	0	0	0	0	0	0	0	0	596.714499464368	344.039963191028	51.7035010184982	45240.2141464675	23920.5807770881	2708.94370368811	0	0	0	0	0	0	0	0	0	61.6414359433391	35.7309723476165	5.45449227210381	3213.99275057281	1996.46741599836	341.199727520964	0	0	0	0	0	0	0	0	0	0.0409453803224603	0.0271899807951574	0.00566269761986251
117	110481.716820757	55737.7434251181	5346.04190538254	0	0	0	0	0	0	0	0	0	626.99181080871	346.657964872687	45.8623876076236	45240.1764989949	23920.5548580582	2708.93814658558	0	0	0	0	0	0	0	0	0	63.7062165044399	35.3388257539606	4.72694960978324	3214.03960877148	1996.49959298932	341.20673722724	0	0	0	0	0	0	0	0	0	0.0231576705162348	0.0151485806752574	0.003036136578059
118	110469.110233804	55728.1605686661	5343.65107404232	0	0	0	0	0	0	0	0	0	639.98241189715	356.464652827056	48.2869134416831	45240.1947590249	23920.569283747	2708.94235542393	0	0	0	0	0	0	0	0	0	64.8422705901566	36.2172879845087	4.95093509508255	3214.01528052044	1996.48350760119	341.203522677347	0	0	0	0	0	0	0	0	0	0.0152989064403793	0.0100486792269523	0.00203009917176942
119	110475.940382503	55732.9346117048	5344.78880625677	0	0	0	0	0	0	0	0	0	633.105640408029	351.652906050017	47.1390922459441	45240.1695163284	23920.5586922249	2708.94247648791	0	0	0	0	0	0	0	0	0	64.4804782992184	35.9497996809702	4.87910015325498	3214.05105106344	1996.50717741208	341.208286027092	0	0	0	0	0	0	0	0	0	0.0257111279582745	0.0168445922760281	0.00338235740111535
120	110489.97779102	55738.3400372617	5344.10771805832	0	0	0	0	0	0	0	0	0	619.287936519295	346.385036866726	47.8462107360121	45240.097130478	23920.5176146814	2708.93717475635	0	0	0	0	0	0	0	0	0	63.1112155670808	35.4325529789507	4.95265865957213	3214.01141671497	1996.48091466694	341.202959301809	0	0	0	0	0	0	0	0	0	0.023880636034044	0.0156082529674297	0.0031286081495412
121	110383.153000174	55682.0959161927	5338.43084509725	0	0	0	0	0	0	0	0	0	726.207929794487	402.672938238382	53.5237677720151	45240.1876734623	23920.565887489	2708.94196929086	0	0	0	0	0	0	0	0	0	75.7736310566262	42.3573968876856	5.7830461451958	3214.01646996115	1996.48533377631	341.204113054647	0	0	0	0	0	0	0	0	0	0.10878159916913	0.0713306492995367	0.0143505155499984
122	110358.389533794	55666.0070591958	5335.25629894747	0	0	0	0	0	0	0	0	0	751.116407936832	418.84739579087	56.7120150314049	45240.2190445252	23920.5837639897	2708.94463641115	0	0	0	0	0	0	0	0	0	76.702037516067	42.9485183547834	5.89430848251664	3214.0391455669	1996.49919431644	341.206472546126	0	0	0	0	0	0	0	0	0	0.0323213819631749	0.0212424577555002	0.00429343932351828
123	110402.934880876	55686.8370339533	5335.46045927655	0	0	0	0	0	0	0	0	0	706.343335666249	397.90391007824	56.5024830205051	45240.2689330909	23920.6179299255	2708.95160823923	0	0	0	0	0	0	0	0	0	72.7891620411725	41.2302151582978	5.95330416013513	3214.04852593359	1996.50250741829	341.205834079787	0	0	0	0	0	0	0	0	0	0.0514533891377862	0.0339420835294019	0.0069815001439939
124	110456.599421057	55696.4969163912	5329.41495876264	0	0	0	0	0	0	0	0	0	652.905049098912	388.474728013628	62.6187050117156	45240.21401791	23920.5806834252	2708.94351201938	0	0	0	0	0	0	0	0	0	69.2987199558983	41.5546201593616	6.84588857101191	3214.02123285558	1996.4884777212	341.204934831485	0	0	0	0	0	0	0	0	0	0.0746372730011388	0.0501587254104125	0.0107171020614687
125	110396.18705443	55680.7438613754	5334.19879792524	0	0	0	0	0	0	0	0	0	713.274243573288	404.112942048984	57.7834542877178	45240.2840616342	23920.6225281748	2708.95026293755	0	0	0	0	0	0	0	0	0	73.435967737003	41.8335297575926	6.08367158114892	3214.06242143291	1996.51480009967	341.209714007721	0	0	0	0	0	0	0	0	0	0.0378701140348182	0.0253996520340558	0.00541963882006772
126	110359.90199468	55654.1169237322	5327.65764514202	0	0	0	0	0	0	0	0	0	749.640125526195	430.815023107632	64.3482483598038	45240.2079906329	23920.5743640061	2708.94138767284	0	0	0	0	0	0	0	0	0	77.7630985666611	44.9675089164589	6.83960791086593	3214.03340646874	1996.4976678626	341.207205390747	0	0	0	0	0	0	0	0	0	0.0495039762063115	0.033312085432245	0.00717305652886161
127	110464.486174853	55716.8488649661	5337.84764210496	0	0	0	0	0	0	0	0	0	644.747042891304	367.887502493457	54.1227021709126	45240.2272547959	23920.5881633185	2708.94485429421	0	0	0	0	0	0	0	0	0	65.8954700347673	37.7468000130881	5.61751820171051	3214.06002617273	1996.51309908199	341.209310881825	0	0	0	0	0	0	0	0	0	0.0223868827147569	0.0148699066989476	0.0031108482886973
128	110419.8398311	55699.7650028936	5338.59474464331	0	0	0	0	0	0	0	0	0	689.781295668763	385.163706119799	53.3920734814047	45240.1820812082	23920.5617503565	2708.94098182258	0	0	0	0	0	0	0	0	0	71.2777902393789	40.0459520411148	5.65781607966899	3213.99964997547	1996.47381857622	341.201828860789	0	0	0	0	0	0	0	0	0	0.0640494856957515	0.0418855947961561	0.00842981139569245
129	110366.154528634	55663.9042932222	5332.35486876837	0	0	0	0	0	0	0	0	0	743.160361357783	420.864936689311	59.6107676972444	45240.2392868964	23920.5984701184	2708.94785983906	0	0	0	0	0	0	0	0	0	75.9341525427869	43.173890422086	6.19183305341157	3214.03376078331	1996.49586274293	341.205985542364	0	0	0	0	0	0	0	0	0	0.0267301646397339	0.0177038636331955	0.00365682374373611
130	110474.558949385	55726.8646830259	5341.18154578697	0	0	0	0	0	0	0	0	0	634.130939347302	357.546340437609	50.7344891668853	45240.1712199967	23920.5505357459	2708.93698113252	0	0	0	0	0	0	0	0	0	64.8219096736596	36.7010114124582	5.27464886678555	3214.07116498805	1996.5209241265	341.211155241302	0	0	0	0	0	0	0	0	0	0.0286733315268786	0.0189472996218723	0.00390953274122858
131	110422.766790202	55688.7511715764	5332.21746302057	0	0	0	0	0	0	0	0	0	686.764059601073	396.182322197235	59.7907387989596	45240.07117095	23920.4939191115	2708.92983189137	0	0	0	0	0	0	0	0	0	70.4203622780895	40.7975987738625	6.23344091076275	3214.00835344787	1996.47936811776	341.202926966502	0	0	0	0	0	0	0	0	0	0.0213387890668108	0.0142950893619731	0.00304378577129066
132	110418.111872741	55697.9258825974	5339.12278890033	0	0	0	0	0	0	0	0	0	690.937216915646	386.675000675283	52.8118677159765	45240.2565465106	23920.6033663815	2708.94569130263	0	0	0	0	0	0	0	0	0	71.0041354081379	39.9342354642374	5.54177574561867	3214.05951118903	1996.51530424334	341.211160115968	0	0	0	0	0	0	0	0	0	0.051580068239657	0.033259314843342	0.00640636961518272
133	110357.736391429	55678.6330955256	5342.0029143243	0	0	0	0	0	0	0	0	0	751.466535579645	405.996118724538	49.912847686538	45240.2787520311	23920.62219747	2708.95156249268	0	0	0	0	0	0	0	0	0	75.7186800129749	40.9735847272518	5.0651627188337	3214.02096915606	1996.48815871369	341.204867950246	0	0	0	0	0	0	0	0	0	0.0148832329530519	0.00941991856521881	0.00172663071675669
134	110442.058743065	55711.4467614158	5340.34779533918	0	0	0	0	0	0	0	0	0	666.97225711655	373.145349333171	51.5884221766972	45240.1827190954	23920.5595061646	2708.93955298866	0	0	0	0	0	0	0	0	0	67.9172222637968	38.1287882561908	5.32903936232365	3214.08584097027	1996.52925821042	341.212145010896	0	0	0	0	0	0	0	0	0	0.0255387404388672	0.0166197193199299	0.00329632444451585
135	110316.370137746	55640.1428244318	5329.99697244561	0	0	0	0	0	0	0	0	0	793.652311185247	445.020129289316	62.0255470163324	45240.1836047523	23920.5575082804	2708.93784016141	0	0	0	0	0	0	0	0	0	82.0775764473156	46.3129155502382	6.58278452585621	3214.03892238678	1996.49976898198	341.20684635654	0	0	0	0	0	0	0	0	0	0.0603112735203836	0.0398041321270414	0.00818125405402576
136	110387.177484841	55684.9114893113	5339.38923023623	0	0	0	0	0	0	0	0	0	722.324094184173	399.930908921767	52.5716126626437	45240.1891321858	23920.5639163807	2708.94013962969	0	0	0	0	0	0	0	0	0	73.8426272506666	41.0562343811912	5.47290772401168	3214.02733605867	1996.49481728699	341.207307657984	0	0	0	0	0	0	0	0	0	0.0471619811299464	0.0302832978448006	0.00575103261680188
137	110399.350565522	55665.402488646	5325.87917435941	0	0	0	0	0	0	0	0	0	710.566936790846	419.801585155193	66.1850068012739	45240.1190962826	23920.5210239293	2708.93302234279	0	0	0	0	0	0	0	0	0	74.3931285104716	44.233357876649	7.10370040475985	3214.06176282346	1996.51457830149	341.209777500732	0	0	0	0	0	0	0	0	0	0.0505365973442742	0.0339789462954787	0.00727155877687273
138	110399.786472623	55659.5063730196	5321.04248547029	0	0	0	0	0	0	0	0	0	709.969898846277	425.628745671983	71.0271062690517	45240.0379923695	23920.4771686661	2708.92858075169	0	0	0	0	0	0	0	0	0	75.5126068591915	45.6216318251883	7.76841350332641	3214.04375165658	1996.50165444816	341.206636291775	0	0	0	0	0	0	0	0	0	0.0616751900853179	0.0421302644393468	0.00940005974398796
139	110442.97999438	55690.7065102618	5328.28518289852	0	0	0	0	0	0	0	0	0	666.578345754038	394.290801234506	63.7554064635125	45240.2351386751	23920.5879538589	2708.94217842873	0	0	0	0	0	0	0	0	0	70.0623632847918	41.7283373055374	6.87226338876004	3214.02832691352	1996.49281956802	341.205531633581	0	0	0	0	0	0	0	0	0	0.054187039538887	0.0366546712180005	0.00800362681772678
140	110437.761886758	55699.2219204748	5334.43980143092	0	0	0	0	0	0	0	0	0	671.449785322678	385.524837452817	57.5404162663453	45240.1499515879	23920.5418467206	2708.9375317161	0	0	0	0	0	0	0	0	0	69.8931646189247	40.4101795879357	6.15578460335516	3214.00880011012	1996.4770481542	341.201157489683	0	0	0	0	0	0	0	0	0	0.0527547594104734	0.0355964531880307	0.00771623380672341
141	110472.152722011	55712.4532939124	5335.33342848652	0	0	0	0	0	0	0	0	0	637.089362907735	372.328629456426	56.65288443541	45240.2596694307	23920.6092203414	2708.94872834003	0	0	0	0	0	0	0	0	0	65.8280636996043	38.6614701429752	5.97095743744653	3214.02302248595	1996.48906388268	341.204782493394	0	0	0	0	0	0	0	0	0	0.0388863727206245	0.0258845046603143	0.00539832974422908
142	110421.754197865	55696.5746420816	5336.46767206216	0	0	0	0	0	0	0	0	0	687.73562125055	388.292867126851	55.5157686098728	45240.2085771541	23920.5775059684	2708.94351351214	0	0	0	0	0	0	0	0	0	69.8773410517036	39.5714429035721	5.70913934825638	3214.01847354772	1996.4849216373	341.203411707837	0	0	0	0	0	0	0	0	0	0.0148450429767915	0.00970018399601355	0.00194731180005814
143	110445.653103959	55705.4110258005	5336.91985453001	0	0	0	0	0	0	0	0	0	663.831664635796	379.47269298483	55.0683722024786	45240.1819812954	23920.5641323071	2708.94289145068	0	0	0	0	0	0	0	0	0	67.6219895339623	38.7842454210812	5.68626708298866	3214.05638348362	1996.50864068899	341.207557737765	0	0	0	0	0	0	0	0	0	0.0167931099083059	0.0111579765748317	0.00232628718982505
144	110457.957440802	55696.1082236896	5328.00644280098	0	0	0	0	0	0	0	0	0	651.718479057683	388.975533397663	64.0526053903849	45240.0909353143	23920.501791145	2708.92910910998	0	0	0	0	0	0	0	0	0	68.2359185507264	40.970346285764	6.85431755352803	3214.0263517877	1996.49099207495	341.205031828192	0	0	0	0	0	0	0	0	0	0.0384184132003415	0.0260730782314637	0.00572873042412243
145	110433.406287578	55694.3071541522	5333.51685234188	0	0	0	0	0	0	0	0	0	675.891952248495	390.496753688629	58.4721820447015	45240.1812408414	23920.5557501177	2708.93727109453	0	0	0	0	0	0	0	0	0	70.576450954279	41.0584960227704	6.27590351677031	3214.04406002932	1996.50389137573	341.208083911378	0	0	0	0	0	0	0	0	0	0.0644126753684963	0.0429990371308377	0.00906292853716539
146	110429.038470936	55687.8843610841	5330.32864147429	0	0	0	0	0	0	0	0	0	680.598303155563	397.136089598316	61.7036451542835	45240.156058475	23920.5430350204	2708.93641646206	0	0	0	0	0	0	0	0	0	70.4841255235326	41.3509537491956	6.52320167021851	3213.95599338495	1996.44521444982	341.196394296474	0	0	0	0	0	0	0	0	0	0.0332388427006211	0.0223511978570156	0.00480636102503675
147	110407.455477598	55693.2402666994	5339.35861706688	0	0	0	0	0	0	0	0	0	701.936588979389	391.556774636335	52.6022665625044	45240.0413292688	23920.4766974575	2708.92740273505	0	0	0	0	0	0	0	0	0	71.7855814960093	40.2198419406647	5.48245772444615	3214.05954699605	1996.51191427034	341.208713616297	0	0	0	0	0	0	0	0	0	0.0372465309002672	0.0244167667459037	0.00487873085505359
148	110457.177790894	55690.2112883952	5325.49267665565	0	0	0	0	0	0	0	0	0	652.299826837065	394.778307701161	66.5579329417176	45240.1514437172	23920.5418561171	2708.93698353923	0	0	0	0	0	0	0	0	0	69.5650626764644	42.4114134406621	7.29246822540026	3213.98758365182	1996.46608033327	341.200378276128	0	0	0	0	0	0	0	0	0	0.0734195491495968	0.0499929477308409	0.0110502246829358
149	110373.510244571	55667.9788391534	5332.14590168077	0	0	0	0	0	0	0	0	0	736.049720000062	416.938332505753	59.8472799078344	45240.1505751911	23920.539348062	2708.93598726987	0	0	0	0	0	0	0	0	0	76.0799574658508	43.3479437977199	6.33287580177091	3214.04118474446	1996.50201556238	341.207727287616	0	0	0	0	0	0	0	0	0	0.058051014854669	0.0381370864358718	0.00774414346782073
150	110405.645028127	55696.8840897589	5341.11672972013	0	0	0	0	0	0	0	0	0	703.394518332246	387.680914156834	50.800500726965	45240.2943801185	23920.6364455921	2708.95627122038	0	0	0	0	0	0	0	0	0	71.7032824490082	39.6727055537776	5.26614488601348	3214.04117830918	1996.5014088872	341.207353190054	0	0	0	0	0	0	0	0	0	0.0345973839668779	0.0224786941197898	0.00442253001059737
151	110366.484875007	55661.6495376425	5330.22696789582	0	0	0	0	0	0	0	0	0	743.097519181626	423.297480998119	61.7780306519788	45240.1613517546	23920.5475555767	2708.93767230836	0	0	0	0	0	0	0	0	0	77.6937004311859	44.6104667472325	6.66794746876503	3213.98915893679	1996.46647660528	341.20009787571	0	0	0	0	0	0	0	0	0	0.0765398200553818	0.0514369661513725	0.011028197274451
152	110474.969379289	55720.3243791699	5338.35726864468	0	0	0	0	0	0	0	0	0	634.081164155149	364.314864668846	53.5973244194776	45240.2447771544	23920.6011115192	2708.94790713822	0	0	0	0	0	0	0	0	0	64.9238369096918	37.4546815882579	5.57907572327757	3214.05810343932	1996.51246283925	341.209598406541	0	0	0	0	0	0	0	0	0	0.0254236974116224	0.0169006286284062	0.0035166264136916
153	110464.324466789	55721.2503828985	5340.73088591509	0	0	0	0	0	0	0	0	0	645.068734250046	363.563613282046	51.2421314663166	45240.0544661655	23920.4841637282	2708.92829058235	0	0	0	0	0	0	0	0	0	66.0550687114816	37.4011533262388	5.34823608080098	3214.05616425528	1996.51215141684	341.209949364988	0	0	0	0	0	0	0	0	0	0.0286352496416565	0.0190484466511901	0.00398727056517868
154	110463.529789084	55723.3754301287	5342.24049995653	0	0	0	0	0	0	0	0	0	645.460225975039	361.196258535834	49.693018526139	45240.1842116524	23920.5578512864	2708.93788886093	0	0	0	0	0	0	0	0	0	65.313895637622	36.6408253596525	5.08188486867028	3214.08041030746	1996.5260326271	341.211726255	0	0	0	0	0	0	0	0	0	0.0105443504114885	0.0069867359845992	0.00144667071656226
155	110469.478705333	55714.8605087334	5335.85132347064	0	0	0	0	0	0	0	0	0	639.67631408741	369.852976083654	56.1233205875944	45240.2532252535	23920.6055701571	2708.94830389499	0	0	0	0	0	0	0	0	0	65.8292488936258	38.23836616163	5.88006463687666	3214.03047366046	1996.49354988655	341.205497503673	0	0	0	0	0	0	0	0	0	0.0294004136606627	0.019494408752489	0.0040515299133594
156	110491.185934279	55723.04335914	5335.33780263453	0	0	0	0	0	0	0	0	0	617.985799251154	361.701317998476	56.6499994355821	45240.1432784955	23920.5344846228	2708.93490958721	0	0	0	0	0	0	0	0	0	63.7631214412014	37.5021750217917	5.95454648077584	3214.07331288247	1996.52348881117	341.212179715946	0	0	0	0	0	0	0	0	0	0.0252131916630155	0.0170912188874937	0.00374128145912971
157	110431.848473205	55713.8082322596	5344.27533974889	0	0	0	0	0	0	0	0	0	677.391202250478	370.863864779943	47.6563170321586	45240.2819525785	23920.6188176094	2708.94872349692	0	0	0	0	0	0	0	0	0	68.5944711780736	37.660185776082	4.88621256619679	3214.0780851896	1996.52339158576	341.210652034874	0	0	0	0	0	0	0	0	0	0.0200727569774366	0.0131097237248047	0.00261649829154893
158	110345.729269171	55658.8031322117	5334.05064645265	0	0	0	0	0	0	0	0	0	763.95447535932	426.152758736072	57.9328793813296	45240.253353601	23920.6084618965	2708.95030321223	0	0	0	0	0	0	0	0	0	78.3071430554939	43.8804098957606	6.05253610145894	3213.95820171897	1996.44653077703	341.196498341926	0	0	0	0	0	0	0	0	0	0.0477476904587968	0.0307419270422221	0.00589969080558025
159	110404.738336887	55698.510808535	5342.28307489179	0	0	0	0	0	0	0	0	0	704.513676671378	386.172785567636	49.6505056696171	45240.2294991789	23920.5932211555	2708.94751550518	0	0	0	0	0	0	0	0	0	71.8390213949485	39.526604072315	5.14661669169903	3214.03483947063	1996.49473472956	341.20483571417	0	0	0	0	0	0	0	0	0	0.0454402855792456	0.0289489652557754	0.00540498631477622
160	110461.625370702	55720.7695489897	5341.50856080835	0	0	0	0	0	0	0	0	0	647.775456932872	364.039022556413	50.4590292939609	45240.2129724972	23920.5815148478	2708.94461893773	0	0	0	0	0	0	0	0	0	66.4952099718289	37.5543159011918	5.28812679718179	3214.03114259998	1996.49411151947	341.205593694829	0	0	0	0	0	0	0	0	0	0.0406901141085834	0.0266993678730708	0.00539788570303849
161	110406.200792593	55703.2918426654	5344.12815041827	0	0	0	0	0	0	0	0	0	703.079173446677	381.383213822511	47.7960258699665	45240.2754626167	23920.6227923604	2708.95294230621	0	0	0	0	0	0	0	0	0	71.5922812936333	38.9776603266793	4.94601284255588	3214.05402724633	1996.50870407748	341.20826655588	0	0	0	0	0	0	0	0	0	0.0427803535887619	0.0271742386094454	0.00502070386274077
162	110389.953605283	55695.2554385286	5343.86222065342	0	0	0	0	0	0	0	0	0	719.25420298856	389.381396358319	48.0552551650227	45240.2103486717	23920.5794742124	2708.94418697745	0	0	0	0	0	0	0	0	0	72.8521744811166	39.5429121221554	4.92463217219936	3214.04976920775	1996.50957603584	341.210237971681	0	0	0	0	0	0	0	0	0	0.0299127831953447	0.0189995401289924	0.00350394939855272
163	110409.74796203	55695.8297344694	5339.21711093045	0	0	0	0	0	0	0	0	0	699.739223685158	389.013446417668	52.7519873064052	45240.1933075095	23920.5672858268	2708.94123122176	0	0	0	0	0	0	0	0	0	71.5240504086496	39.9401462253122	5.49467859228224	3214.02182539067	1996.4875813068	341.204140052705	0	0	0	0	0	0	0	0	0	0.0348285896725009	0.0230224197224251	0.00474479944608948
164	110410.709910087	55703.0487277916	5343.24599771129	0	0	0	0	0	0	0	0	0	698.278511687204	381.482145975231	48.6657724035205	45240.2397990083	23920.5945999925	2708.94528318548	0	0	0	0	0	0	0	0	0	71.4363228941416	39.2075269091458	5.08111667892869	3214.08936359232	1996.53146170095	341.212507262644	0	0	0	0	0	0	0	0	0	0.0533399839379302	0.0345415573616769	0.00674063392326096
165	110412.984004243	55693.0861736892	5337.56111117794	0	0	0	0	0	0	0	0	0	696.526240064554	391.795936784923	54.4215395810973	45240.1518162535	23920.5385635931	2708.93500864372	0	0	0	0	0	0	0	0	0	71.4860530187622	40.4149416726397	5.70611618667972	3214.03740156653	1996.49832247107	341.206401542967	0	0	0	0	0	0	0	0	0	0.0375483035106801	0.0251045960201808	0.00530770064198245
166	110437.403179974	55701.5406471058	5336.16240737442	0	0	0	0	0	0	0	0	0	672.065766115858	383.342953992501	55.8312428763645	45239.9730258411	23920.4308635813	2708.91787360981	0	0	0	0	0	0	0	0	0	68.7742217414686	39.3940818010558	5.8113906789841	3214.04573387144	1996.5056662185	341.208802132599	0	0	0	0	0	0	0	0	0	0.0222149591820458	0.0148759503384696	0.00316330304602466
167	110432.970193232	55706.4079017619	5339.62656370668	0	0	0	0	0	0	0	0	0	676.078937240894	378.194006540879	52.3109324376652	45240.26303351	23920.6112896609	2708.94927841006	0	0	0	0	0	0	0	0	0	68.8927708292631	38.6793654579509	5.41199925236281	3214.02767229205	1996.49166333628	341.20503396328	0	0	0	0	0	0	0	0	0	0.0252290037586164	0.0165222103632308	0.0033307268730717
168	110434.107042071	55700.693706204	5336.36974204491	0	0	0	0	0	0	0	0	0	675.023732466097	383.986015890418	55.5918899718113	45240.2366085586	23920.5926454576	2708.94493261106	0	0	0	0	0	0	0	0	0	70.1443574412259	40.172012681357	5.9361601886855	3214.02610153204	1996.48962869317	341.204085473104	0	0	0	0	0	0	0	0	0	0.060167301044911	0.0399140606145047	0.00829504183004457
