S01	S02	S03	E01	E02	E03	I01	I02	I03	Y01	Y02	Y03	R01	R02	R03	S11	S12	S13	E11	E12	E13	I11	I12	I13	Y11	Y12	Y13	R11	R12	R13	S21	S22	S23	E21	E22	E23	I21	I22	I23	Y21	Y22	Y23	R21	R22	R23
1	110691.197423414	56011.8847507862	5490.6981056955	0	0	0	0	0	0	0	0	0	715.138355395192	392.750077931773	50.0573545436234	45587.4985243059	23821.3110734965	2589.07612984531	0	0	0	0	0	0	0	0	0	74.5961585805215	41.1666288072674	5.32469544804463	2800.72544213843	1625.90779869628	232.759253037146	0	0	0	0	0	0	0	0	0	0.0674904261631522	0.0412948823290119	0.00693408126812273
2	110794.3380992	56068.6400263575	5498.25393046991	0	0	0	0	0	0	0	0	0	611.32638316558	335.619999733522	42.4500398493057	45587.5920854615	23821.3640865121	2589.08327010786	0	0	0	0	0	0	0	0	0	63.1803530895371	34.8211584482041	4.45791700412574	2800.74892323069	1625.92282263246	232.762014166494	0	0	0	0	0	0	0	0	0	0.0437589274697331	0.0267497459049457	0.00447183046604254
3	110709.433782511	56031.968862516	5496.96389808865	0	0	0	0	0	0	0	0	0	696.333417618514	372.294686878314	43.7225401422147	45587.6208504833	23821.3825522113	2589.08666539319	0	0	0	0	0	0	0	0	0	70.9278595440847	38.015278562569	4.50057980637988	2800.74789489619	1625.92141418321	232.76145213152	0	0	0	0	0	0	0	0	0	0.0365781955837516	0.0218535202386413	0.00342989648509688
4	110630.053740018	55983.9826779211	5489.366023264	0	0	0	0	0	0	0	0	0	776.533255908367	420.754736199802	51.3887395089581	45587.5446675792	23821.3346297528	2589.07820949018	0	0	0	0	0	0	0	0	0	79.7460215218418	43.3545822860984	5.35186153717975	2800.7829224822	1625.9446312671	232.766021000373	0	0	0	0	0	0	0	0	0	0.0476742533748143	0.0288543435599294	0.00469921564072635
5	110694.442956067	56023.5696143625	5495.76996962749	0	0	0	0	0	0	0	0	0	711.668730003629	380.879109450405	44.9388353280646	45587.6109732516	23821.3751021338	2589.08498638459	0	0	0	0	0	0	0	0	0	71.7720090680761	38.4584728384107	4.55554259388571	2800.74272777125	1625.91923222276	232.761518307416	0	0	0	0	0	0	0	0	0	0.0106844563068789	0.00636863282534597	0.000995312451262199
6	110664.83859501	56004.434540559	5492.53774250817	0	0	0	0	0	0	0	0	0	741.515587200309	400.172069498108	48.198559297445	45587.4315941175	23821.2736685334	2589.07138656953	0	0	0	0	0	0	0	0	0	76.7171343004955	41.5816679116274	5.0786894736389	2800.73376182728	1625.91410362491	232.760795880008	0	0	0	0	0	0	0	0	0	0.0721387884572914	0.0436033619949632	0.0070542603122043
7	110635.863595189	55980.9258843567	5486.87876705763	0	0	0	0	0	0	0	0	0	770.783961443747	423.875476030917	53.8940255851795	45587.4942362502	23821.3088006049	2589.07596086505	0	0	0	0	0	0	0	0	0	78.6862516648776	43.3738497297396	5.55490253025922	2800.78993818402	1625.94845800523	232.766433835023	0	0	0	0	0	0	0	0	0	0.0198096624740353	0.0119538732286795	0.00193163422629217
8	110817.596689709	56075.1849416874	5496.58103986264	0	0	0	0	0	0	0	0	0	588.0540346151	329.099946190356	44.1387098186006	45587.5116833934	23821.3217984173	2589.07890568991	0	0	0	0	0	0	0	0	0	60.2988755767118	33.8310749862133	4.57084622379731	2800.66313893524	1625.87136983265	232.754048715169	0	0	0	0	0	0	0	0	0	0.0172140820581958	0.0105803732933106	0.00179784556086594
9	110615.120548641	55977.5675519279	5489.15577131721	0	0	0	0	0	0	0	0	0	791.461483742246	427.159940616266	51.5953512597569	45587.5552655929	23821.3427208597	2589.08020512761	0	0	0	0	0	0	0	0	0	81.5774763119289	44.2014640719484	5.40688104033466	2800.74897511975	1625.92318003431	232.762153589357	0	0	0	0	0	0	0	0	0	0.058874454482839	0.0358227114312597	0.00591840765243435
10	110700.642018333	56016.0662242616	5490.94098866375	0	0	0	0	0	0	0	0	0	705.645099375427	388.543357771298	49.8112279314539	45587.5211484074	23821.321074034	2589.07641721728	0	0	0	0	0	0	0	0	0	72.2087905207902	39.8654311546164	5.15202076114463	2800.75412897298	1625.92688252342	232.76304242445	0	0	0	0	0	0	0	0	0	0.0220829108290259	0.0134534508955379	0.00223369989509171
11	110670.864083726	55999.9496974795	5488.73350895763	0	0	0	0	0	0	0	0	0	735.475047819506	404.687481490692	52.0233741547528	45587.6133237024	23821.3766413096	2589.08511235609	0	0	0	0	0	0	0	0	0	76.3862298164303	42.2089252920664	5.49493304274303	2800.72055241661	1625.90599644918	232.759493061594	0	0	0	0	0	0	0	0	0	0.0540520604802496	0.0329095733235644	0.00545629408795142
12	110646.800296441	55993.7961256704	5490.57305256272	0	0	0	0	0	0	0	0	0	759.305120914812	410.673031486565	50.1476068534935	45587.6073095462	23821.3720530357	2589.08402049536	0	0	0	0	0	0	0	0	0	77.6587932901268	42.1236047468122	5.19080099184048	2800.77889584339	1625.94147753215	232.765213638449	0	0	0	0	0	0	0	0	0	0.0354697199140407	0.0214779698000705	0.0035071911383247
13	110780.559494309	56073.3727597907	5503.13100924656	0	0	0	0	0	0	0	0	0	625.077803859507	330.801135714952	37.536869773741	45587.6482626668	23821.3992438586	2589.08937983899	0	0	0	0	0	0	0	0	0	63.089360952954	33.4312117220164	3.80978347780312	2800.73640859406	1625.91536646069	232.760900760638	0	0	0	0	0	0	0	0	0	0.020166122048151	0.0118330350830071	0.00176319103324986
14	110667.256898882	55999.2789813473	5489.07674029659	0	0	0	0	0	0	0	0	0	739.209941101399	405.421419534282	51.6857133047046	45587.471834883	23821.2912444808	2589.07152140196	0	0	0	0	0	0	0	0	0	75.9863931854578	41.8061493887014	5.38001624141609	2800.80039550747	1625.95562134352	232.767921280646	0	0	0	0	0	0	0	0	0	0.0350122193420722	0.0211532183947404	0.00343653994282547
15	110675.371581336	56007.708452838	5491.60101584194	0	0	0	0	0	0	0	0	0	730.962560512037	396.898130925778	49.1419874006201	45587.5338188615	23821.3308113138	2589.07858768408	0	0	0	0	0	0	0	0	0	75.9467221699031	41.4340687786914	5.2061506048057	2800.75710991187	1625.92806890496	232.762926574979	0	0	0	0	0	0	0	0	0	0.0741074526754316	0.0449273450230619	0.00735298308606074
16	110683.614093799	56013.7042877181	5492.834104718	0	0	0	0	0	0	0	0	0	722.528237426306	390.785816241733	47.890000316095	45587.593744054	23821.3674065757	2589.08470475999	0	0	0	0	0	0	0	0	0	73.9555913658831	40.1200395110947	4.96290983613981	2800.70069452198	1625.89429603641	232.757750737267	0	0	0	0	0	0	0	0	0	0.0351928993936549	0.0212320094340984	0.00343287584287961
17	110657.588832382	55996.0702977246	5489.94255333143	0	0	0	0	0	0	0	0	0	748.776854938021	408.564415691177	50.8054004800199	45587.5372820018	23821.3295831434	2589.07727018433	0	0	0	0	0	0	0	0	0	77.0781219796037	42.2053298081852	5.30685420025541	2800.74372842284	1625.92090651018	232.762216053196	0	0	0	0	0	0	0	0	0	0.0432561876671793	0.026387351965992	0.0043858945748315
18	110743.055612545	56038.1538278605	5493.01158713811	0	0	0	0	0	0	0	0	0	663.201404780369	366.446342729951	47.7437722518752	45587.5253370119	23821.3250684744	2589.07754258779	0	0	0	0	0	0	0	0	0	68.3049541034422	37.8663896855749	4.98170267346017	2800.78004975074	1625.94148822077	232.764898301462	0	0	0	0	0	0	0	0	0	0.0283695835250772	0.017316661238073	0.00289149765549519
19	110708.368564751	56027.6116220517	5495.11295468572	0	0	0	0	0	0	0	0	0	697.490804026823	376.721016335224	45.5885246593164	45587.620031451	23821.3822879697	2589.08667521559	0	0	0	0	0	0	0	0	0	71.2694193602862	38.5990056468279	4.71206387747667	2800.72430377265	1625.90844785265	232.759916841439	0	0	0	0	0	0	0	0	0	0.0353857416708368	0.021279838594387	0.00340819627048271
20	110648.370650745	55999.3201958937	5492.99575044479	0	0	0	0	0	0	0	0	0	757.838486664196	405.176328711487	47.7169387177969	45587.5704231692	23821.3544309915	2589.08311398787	0	0	0	0	0	0	0	0	0	76.5167525945977	40.964110516601	4.84515315262216	2800.75962923654	1625.93070764037	232.76389864817	0	0	0	0	0	0	0	0	0	0.013211148050603	0.00784244558098323	0.00121158285182894
21	110684.61241059	56017.3810624228	5494.64165598059	0	0	0	0	0	0	0	0	0	722.01749968656	387.352901849039	46.1034486929878	45587.499421744	23821.3127002509	2589.07691259497	0	0	0	0	0	0	0	0	0	73.3997905791666	39.4628755234966	4.72924989303691	2800.80663791252	1625.95878778298	232.76819827567	0	0	0	0	0	0	0	0	0	0.0295747186097162	0.0175326114240293	0.00270001604371999
22	110690.191830076	56013.5666631639	5491.61730399558	0	0	0	0	0	0	0	0	0	715.857525207589	390.890817275683	49.1088379405797	45587.611701643	23821.3770010822	2589.08571633388	0	0	0	0	0	0	0	0	0	73.4446611327342	40.2255097400723	5.10046196020767	2800.74678450034	1625.92094599223	232.761465562282	0	0	0	0	0	0	0	0	0	0.0384075954814468	0.0231993390435322	0.0037668784578743
23	110754.358986513	56052.2263204305	5497.74295829311	0	0	0	0	0	0	0	0	0	651.119636621385	351.899720134681	42.9344581168713	45587.5717768176	23821.3496097775	2589.08001423635	0	0	0	0	0	0	0	0	0	66.2256540025303	35.8698515249165	4.40621766449429	2800.80494412707	1625.95931530807	232.768940393372	0	0	0	0	0	0	0	0	0	0.0234616979974428	0.0140382058022419	0.00221975794466835
24	110809.756096292	56081.3267977919	5500.94453462066	0	0	0	0	0	0	0	0	0	595.80744292012	322.849717564569	39.7406664985899	45587.6028355985	23821.3716560495	2589.08488515757	0	0	0	0	0	0	0	0	0	60.5840793487267	32.9015575987535	4.07798858072152	2800.76121239619	1625.93142467802	232.763869259005	0	0	0	0	0	0	0	0	0	0.0211764332544818	0.0127462639196257	0.0020511963996152
25	110623.781512848	55974.8811818176	5485.81049051185	0	0	0	0	0	0	0	0	0	782.908555429412	429.950003361917	54.9716493258986	45587.5336465552	23821.3297413772	2589.07804855375	0	0	0	0	0	0	0	0	0	81.8658009586149	45.1895298915381	5.86770201522653	2800.72070456775	1625.90634901664	232.759582469908	0	0	0	0	0	0	0	0	0	0.074290114740887	0.045520773047975	0.00767630579541369
26	110701.081058196	56007.3744711732	5486.41641851703	0	0	0	0	0	0	0	0	0	705.313599657341	397.347760672311	54.3706313574187	45587.4145357281	23821.2596021653	2589.0676278221	0	0	0	0	0	0	0	0	0	73.3263917678212	41.4569636759056	5.73037888067746	2800.7541934726	1625.92648812553	232.76279913715	0	0	0	0	0	0	0	0	0	0.0301505776626675	0.0186707308166574	0.00323360957397761
27	110813.544851345	56076.6311126811	5497.91511526531	0	0	0	0	0	0	0	0	0	592.023471905216	327.589862559206	42.7912663087148	45587.6163352686	23821.3769665497	2589.08456919719	0	0	0	0	0	0	0	0	0	61.28533013872	34.0459556637856	4.49981786639957	2800.73929218545	1625.91772641531	232.761482304315	0	0	0	0	0	0	0	0	0	0.0381631124831242	0.0235580887130825	0.00404863036495231
28	110735.959576955	56027.8052639273	5489.7109220896	0	0	0	0	0	0	0	0	0	670.088369853167	376.712063035143	51.0436853172876	45587.6508179458	23821.3998783324	2589.08909285723	0	0	0	0	0	0	0	0	0	69.9320075181004	39.4710199029263	5.41027961961338	2800.73198085757	1625.91267623127	232.760444506249	0	0	0	0	0	0	0	0	0	0.0432126318183839	0.0265925587417779	0.00453090595535592
29	110722.636306382	56028.754543437	5492.4034759715	0	0	0	0	0	0	0	0	0	683.593366511851	375.825167918217	48.3476209594965	45587.5171089565	23821.3175800857	2589.07541479832	0	0	0	0	0	0	0	0	0	70.7733995735932	39.0624755197502	5.08365970955242	2800.73574821744	1625.91549241751	232.76108247834	0	0	0	0	0	0	0	0	0	0.0479613247352417	0.0291697437226953	0.00482970262293012
30	110738.940017475	56045.7016099082	5497.72746200417	0	0	0	0	0	0	0	0	0	666.575100606053	358.436306236549	42.9477545228178	45587.5741244159	23821.3564485148	2589.0833270956	0	0	0	0	0	0	0	0	0	68.4262264519112	36.9192651279898	4.47174049463922	2800.7631309248	1625.93198178597	232.763681644226	0	0	0	0	0	0	0	0	0	0.0516837178448895	0.0310868617525092	0.00498611521729399
31	110637.10604264	55992.4134137842	5491.92494388952	0	0	0	0	0	0	0	0	0	769.240989010115	412.158876196874	48.7972844118669	45587.6757410472	23821.4172536914	2589.0927794904	0	0	0	0	0	0	0	0	0	78.5506691283973	42.2004419509167	5.03944359761147	2800.75591269699	1625.92818714899	232.763333273034	0	0	0	0	0	0	0	0	0	0.0438604271456509	0.0260168594892781	0.00400396538969263
32	110698.909459512	56015.8599364356	5491.05556545536	0	0	0	0	0	0	0	0	0	707.117895915287	388.598874331151	49.6750458848719	45587.6089997055	23821.376372745	2589.08602537372	0	0	0	0	0	0	0	0	0	72.9190238292892	40.2170779013971	5.19722587088994	2800.71317359514	1625.90284685361	232.759486303045	0	0	0	0	0	0	0	0	0	0.038831492866394	0.0237314166735385	0.00396890694037538
33	110720.066827233	56036.7157669414	5497.13306663668	0	0	0	0	0	0	0	0	0	685.818536506145	367.618478018326	43.5643611276436	45587.5599427429	23821.3468788256	2589.08141539047	0	0	0	0	0	0	0	0	0	70.7508579014517	38.0746033533165	4.56957562139879	2800.76028946817	1625.93083642863	232.763713174485	0	0	0	0	0	0	0	0	0	0.074735889623704	0.0445869833161232	0.00697025481692462
34	110660.171236042	56000.0643100761	5490.90470379168	0	0	0	0	0	0	0	0	0	746.283813396767	404.601425634515	49.8424516108033	45587.5111655433	23821.3201429819	2589.07817914186	0	0	0	0	0	0	0	0	0	75.9147251132499	41.2508181460382	5.11771669981927	2800.73799245205	1625.91730087082	232.761587678345	0	0	0	0	0	0	0	0	0	0.018435288324566	0.011183360927239	0.00183360770915115
35	110653.843348947	55994.9584849337	5489.73194588141	0	0	0	0	0	0	0	0	0	752.652220065956	409.748159232742	51.0276182215683	45587.5323575467	23821.3277541012	2589.07730546194	0	0	0	0	0	0	0	0	0	79.2433296256353	43.4076974372928	5.50954430893016	2800.7033203384	1625.89574096857	232.757836331779	0	0	0	0	0	0	0	0	0	0.11623242464862	0.0705580218094188	0.011584792882503
36	110755.622109735	56034.1135147739	5489.01271587182	0	0	0	0	0	0	0	0	0	650.477893656137	370.459439945904	51.7579057834966	45587.5208592054	23821.3248522958	2589.07835371321	0	0	0	0	0	0	0	0	0	67.7029268785415	38.6813828908239	5.45401333874592	2800.69628776179	1625.89237661412	232.757788074724	0	0	0	0	0	0	0	0	0	0.0266542696601044	0.0165087000432611	0.00285665932811241
37	110659.449447793	55986.3842931588	5484.84604277415	0	0	0	0	0	0	0	0	0	747.306311685468	418.523644059446	55.9575206011786	45587.5109931488	23821.3213574391	2589.07876438755	0	0	0	0	0	0	0	0	0	77.4456100232809	43.5218015752114	5.87827725874628	2800.66488351885	1625.87292420883	232.754500817976	0	0	0	0	0	0	0	0	0	0.0319550682576891	0.0196155786186363	0.00331680645213893
38	110701.855241687	56001.0704004884	5483.31382344405	0	0	0	0	0	0	0	0	0	704.188049339205	403.488176974115	57.462779279789	45587.4981606418	23821.3061162388	2589.07359731742	0	0	0	0	0	0	0	0	0	74.5897166841632	42.9164679893572	6.18301024987482	2800.7733668127	1625.93767321137	232.764359135425	0	0	0	0	0	0	0	0	0	0.0502727351045898	0.0311575477275944	0.0054062988888873
39	110681.865413654	56016.4466570607	5494.94743618024	0	0	0	0	0	0	0	0	0	724.296025305958	388.03318557925	45.7658095892676	45587.5663799346	23821.3488798414	2589.08102122673	0	0	0	0	0	0	0	0	0	73.5217487414945	39.4676492807453	4.68551873828214	2800.76142292037	1625.93127868531	232.763732145549	0	0	0	0	0	0	0	0	0	0.0259687594750723	0.0155193650777716	0.00243890554138137
40	110713.026883715	56020.0748442706	5490.47252639718	0	0	0	0	0	0	0	0	0	693.429144435218	384.643484265539	50.2987581215268	45587.3725645722	23821.2394148027	2589.06641451645	0	0	0	0	0	0	0	0	0	71.2925242657304	39.666392761361	5.23458192513553	2800.78234604981	1625.94365639268	232.765583700649	0	0	0	0	0	0	0	0	0	0.0250462379054086	0.0154171557671878	0.00262739969270686
41	110757.699442523	56050.2719631639	5496.2930468115	0	0	0	0	0	0	0	0	0	648.51210366866	354.281712250604	44.4471715582883	45587.5497437077	23821.3385527978	2589.07923429621	0	0	0	0	0	0	0	0	0	67.2624246527618	36.9095708263119	4.69490936897649	2800.75676393205	1625.92800328488	232.762967963553	0	0	0	0	0	0	0	0	0	0.0525828572245045	0.0321054652491556	0.0053576272923327
42	110728.742620596	56037.2743063058	5495.92586568691	0	0	0	0	0	0	0	0	0	677.290603665176	367.164939949354	44.7920372025754	45587.429811972	23821.2713460671	2589.07054648151	0	0	0	0	0	0	0	0	0	69.0476888152238	37.5267674931982	4.6156173078656	2800.75733488992	1625.92935096963	232.763664690448	0	0	0	0	0	0	0	0	0	0.0239058779868	0.0145145831572943	0.00238070470550903
43	110756.900640605	56044.2714658945	5493.44437219592	0	0	0	0	0	0	0	0	0	648.979570214993	360.123740340053	47.2843602464239	45587.5283952428	23821.3291276925	2589.07904726429	0	0	0	0	0	0	0	0	0	66.5232246907478	37.0159137995147	4.89994146412428	2800.78356137219	1625.94384657957	232.765403337281	0	0	0	0	0	0	0	0	0	0.0191704466792007	0.011809428841875	0.00201760704374142
44	110798.455054205	56059.7048992926	5492.72648700606	0	0	0	0	0	0	0	0	0	607.43881897026	344.745753011961	48.02708117313	45587.5803324033	23821.3582434113	2589.08276159032	0	0	0	0	0	0	0	0	0	64.1783537144748	36.5964600456539	5.16686700853571	2800.74718167943	1625.92226567253	232.762101001894	0	0	0	0	0	0	0	0	0	0.0551131663124782	0.0341963534449481	0.00595066223050076
45	110745.312344479	56049.9161386916	5498.72869651307	0	0	0	0	0	0	0	0	0	660.678505549985	354.475687693157	41.9750024205482	45587.5441457327	23821.3383474701	2589.08042276927	0	0	0	0	0	0	0	0	0	66.8918238913792	35.9505350691127	4.28055043051503	2800.74066432256	1625.91875001354	232.761736226522	0	0	0	0	0	0	0	0	0	0.0189028104032572	0.0112679441584077	0.00175874600021464
46	110617.994570127	55979.3047774051	5489.44709611957	0	0	0	0	0	0	0	0	0	788.520032280366	425.379366752154	51.2961452315887	45587.6179467603	23821.3803475919	2589.08609653197	0	0	0	0	0	0	0	0	0	80.3864657443587	43.4732531856703	5.28406981078178	2800.72197592103	1625.90706442612	232.759722466576	0	0	0	0	0	0	0	0	0	0.0297829457464747	0.0178744240967669	0.00284053627524462
47	110760.367569218	56051.5155508637	5496.42856434272	0	0	0	0	0	0	0	0	0	645.353754544388	352.768737573294	44.2769674424944	45587.5675770222	23821.3495619996	2589.08111293963	0	0	0	0	0	0	0	0	0	66.6681614846572	36.5892551342961	4.65024227799146	2800.7275584988	1625.91102095396	232.760560208961	0	0	0	0	0	0	0	0	0	0.0466451024772495	0.0286149579376015	0.0048324447054647
48	110759.521139078	56049.3360090122	5495.45234581254	0	0	0	0	0	0	0	0	0	646.32232379343	355.028629258485	45.2689771744002	45587.5477350491	23821.3374359939	2589.07897814675	0	0	0	0	0	0	0	0	0	67.6000099168154	37.3297067728858	4.83726425807497	2800.7421151122	1625.91799462916	232.760915883536	0	0	0	0	0	0	0	0	0	0.0652601942148417	0.0400814057750774	0.00679102464970442
49	110763.949921607	56058.5150900268	5499.24324209195	0	0	0	0	0	0	0	0	0	642.052612215547	345.895493502869	41.4669876729949	45587.4274925264	23821.2695057889	2589.07009001742	0	0	0	0	0	0	0	0	0	65.06169776254	35.1155909538476	4.23499371604826	2800.76048693711	1625.93150533691	232.764113607363	0	0	0	0	0	0	0	0	0	0.0173044569105449	0.0104343347204035	0.00168171510756019
50	110719.905258659	56036.6182143673	5497.16288094719	0	0	0	0	0	0	0	0	0	685.945696063596	367.696733667496	43.5317809431027	45587.5722687269	23821.3546935875	2589.0827413357	0	0	0	0	0	0	0	0	0	69.8173712300665	37.5142551725294	4.47568481744733	2800.73546710225	1625.91523720362	232.761028776536	0	0	0	0	0	0	0	0	0	0.0284570670931695	0.0170286543705422	0.00268577335484648
51	110736.493104505	56039.6740161608	5495.05768705043	0	0	0	0	0	0	0	0	0	669.247538411337	364.611303567485	45.6461685268264	45587.5743430421	23821.3540854939	2589.08195401393	0	0	0	0	0	0	0	0	0	68.5396046893847	37.4555287584295	4.73355216746753	2800.76992432486	1625.93570610146	232.7641231502	0	0	0	0	0	0	0	0	0	0.0277421670063153	0.0169703108053761	0.00284935035185929
52	110697.698259144	56019.7247446646	5493.2827527687	0	0	0	0	0	0	0	0	0	708.550938229531	384.835340620761	47.4528996854532	45587.5345283881	23821.3309841959	2589.07866885084	0	0	0	0	0	0	0	0	0	72.6718878003835	39.5959164730464	4.93128075559442	2800.74044652417	1625.91805196806	232.761368593691	0	0	0	0	0	0	0	0	0	0.0367623927846403	0.0222126555999733	0.00359871436768523
53	110712.350175663	56022.3529377924	5491.39044733141	0	0	0	0	0	0	0	0	0	693.837979079685	382.20588581945	49.3579886638334	45587.4938547384	23821.3073080538	2589.07522976169	0	0	0	0	0	0	0	0	0	71.4989324503769	39.5208600261291	5.15596280309347	2800.70989068784	1625.89980080158	232.75859469057	0	0	0	0	0	0	0	0	0	0.0356454956428351	0.021863730504903	0.00369918608393048
54	110703.836411011	56023.3294865522	5493.61347439559	0	0	0	0	0	0	0	0	0	702.49156091188	381.266731962591	47.1254547319425	45587.5931926586	23821.3640923896	2589.08311324473	0	0	0	0	0	0	0	0	0	71.2299713722852	38.731652949631	4.8152898655714	2800.77245956233	1625.93732985473	232.764449533016	0	0	0	0	0	0	0	0	0	0.0129534786357401	0.00782816684068949	0.00127320045227873
55	110727.677609176	56020.5544866595	5487.93923272495	0	0	0	0	0	0	0	0	0	678.834497883334	384.245856151481	52.860718548875	45587.4110587918	23821.2597384417	2589.06850666114	0	0	0	0	0	0	0	0	0	71.5712142489097	40.6983108714229	5.67399080760351	2800.73026395264	1625.91163393962	232.760214669796	0	0	0	0	0	0	0	0	0	0.0540821856655169	0.0334268642070525	0.0057537917474415
56	110742.391007246	56032.1418704769	5490.94731857294	0	0	0	0	0	0	0	0	0	663.920074828467	372.524968915913	49.8257131297838	45587.4528575592	23821.2825238963	2589.0712830989	0	0	0	0	0	0	0	0	0	69.709423069994	39.292261254404	5.32784235590163	2800.74986036742	1625.92413438433	232.762475572028	0	0	0	0	0	0	0	0	0	0.0653626917187918	0.040061786933139	0.00673676350977602
57	110748.349868768	56039.196721512	5492.83414819817	0	0	0	0	0	0	0	0	0	657.687511018219	365.29273108423	47.9087523049944	45587.5574442602	23821.3438311925	2589.08032774133	0	0	0	0	0	0	0	0	0	68.4686659774125	38.1867711702636	5.07039753216089	2800.73488525584	1625.91490795966	232.76094919064	0	0	0	0	0	0	0	0	0	0.0542884012271192	0.0330501211909183	0.00546744671022172
58	110685.972988846	56015.7316421585	5493.55529126925	0	0	0	0	0	0	0	0	0	720.012606871707	388.663193688629	47.1521687707528	45587.6321594021	23821.3912948028	2589.08880092257	0	0	0	0	0	0	0	0	0	73.2735350458018	39.6462745473758	4.84596158430246	2800.76320431389	1625.93233512287	232.763930109469	0	0	0	0	0	0	0	0	0	0.0237540842068968	0.0143553176587697	0.00232862495781262
59	110613.081106021	55967.9717292273	5484.38045038573	0	0	0	0	0	0	0	0	0	793.982627124021	437.080848818643	56.4370397756599	45587.4699709118	23821.2890948442	2589.07075944605	0	0	0	0	0	0	0	0	0	83.9592217243483	46.5143917591825	6.12074136146824	2800.69759671279	1625.89183326978	232.757036672804	0	0	0	0	0	0	0	0	0	0.0911064314836147	0.0560858502077776	0.00957532991459941
60	110735.512402915	56046.4168001032	5498.76077301066	0	0	0	0	0	0	0	0	0	669.915608252212	357.655437300142	41.8999418428744	45587.7597481371	23821.4615266903	2589.09735253124	0	0	0	0	0	0	0	0	0	67.6740067630104	36.1820114619735	4.25877348101763	2800.76052334812	1625.9303662698	232.76343116601	0	0	0	0	0	0	0	0	0	0.0154971690901583	0.0092315934571522	0.00143812110598865
61	110796.559607805	56059.4001646343	5493.45381653431	0	0	0	0	0	0	0	0	0	609.207330152019	344.977623513674	47.2869297098642	45587.6483659972	23821.3953775131	2589.08713746632	0	0	0	0	0	0	0	0	0	63.5374663161179	36.1121472974542	5.00434867068623	2800.65576018469	1625.866344203	232.753004826647	0	0	0	0	0	0	0	0	0	0.0372009377964034	0.0230333915702457	0.00397837540365544
62	110629.995430387	55980.9793922	5487.97849624521	0	0	0	0	0	0	0	0	0	776.557695441397	423.7551354637	52.7811395874943	45587.5291751238	23821.3275129093	2589.07793101309	0	0	0	0	0	0	0	0	0	80.032957767935	43.8306683045544	5.52144074612134	2800.7667789193	1625.93512864829	232.764616433867	0	0	0	0	0	0	0	0	0	0.0462260526330513	0.028103084306505	0.00463313358966143
63	110684.467038403	56009.5459529495	5491.08556693471	0	0	0	0	0	0	0	0	0	721.634652482413	394.947386293445	49.6463336550294	45587.6150573073	23821.376445386	2589.08455154411	0	0	0	0	0	0	0	0	0	75.0525844861475	41.2614173014459	5.25942194320515	2800.76388276028	1625.93289817662	232.764075200912	0	0	0	0	0	0	0	0	0	0.0686717184720179	0.0415668599739728	0.00676495427214699
64	110669.458729448	56005.7915652354	5492.19982189295	0	0	0	0	0	0	0	0	0	736.941869425992	398.843881639339	48.5421049517535	45587.5476303384	23821.3365287361	2589.07855432041	0	0	0	0	0	0	0	0	0	75.429770357713	40.9448365273511	5.03059102035336	2800.74423333786	1625.92097585432	232.762146513839	0	0	0	0	0	0	0	0	0	0.0387096390830551	0.0234380182756058	0.00382283926234944
65	110649.159790238	55991.953393695	5489.38350133635	0	0	0	0	0	0	0	0	0	757.466663341934	412.824216042171	51.3831154838223	45587.3336266728	23821.2148623534	2589.06213470067	0	0	0	0	0	0	0	0	0	77.6850701832772	42.4740738855566	5.33974096791905	2800.77515656966	1625.93950337585	232.765001100277	0	0	0	0	0	0	0	0	0	0.0313842462999158	0.0192094669010049	0.0032247953842296
66	110728.579687646	56031.2138342704	5492.57549027044	0	0	0	0	0	0	0	0	0	677.440828606677	373.246775257412	48.1576434248454	45587.4596528018	23821.2875176897	2589.07237279532	0	0	0	0	0	0	0	0	0	69.3689683004595	38.3231749742257	4.98437612342506	2800.77360301768	1625.93989976587	232.765695295757	0	0	0	0	0	0	0	0	0	0.0225806146938217	0.0137116404851487	0.00225826088958957
67	110709.943509792	56031.9089342527	5496.76680000941	0	0	0	0	0	0	0	0	0	695.932878177363	372.41632590728	43.9281873974057	45587.5757280178	23821.3556646616	2589.08256492932	0	0	0	0	0	0	0	0	0	70.974405048858	38.079300604988	4.5294572630044	2800.74012187175	1625.9183538841	232.761635737431	0	0	0	0	0	0	0	0	0	0.0380741100717801	0.0227356031783281	0.00356692322915878
68	110709.35400811	56013.9889163149	5488.48282885568	0	0	0	0	0	0	0	0	0	696.628467867693	390.485137221845	52.26220539329	45587.4955565416	23821.3067744616	2589.07448805355	0	0	0	0	0	0	0	0	0	72.0362154163052	40.5074342231828	5.4728869464341	2800.78340533312	1625.94617896719	232.766803479216	0	0	0	0	0	0	0	0	0	0.0301543048065818	0.0184671830636064	0.00310260187225645
69	110684.505681003	56011.6390795285	5492.00924119082	0	0	0	0	0	0	0	0	0	721.739738593928	392.929554263788	48.7314601173869	45587.5369820719	23821.3298405067	2589.07731180104	0	0	0	0	0	0	0	0	0	74.9499333358748	40.9942697250353	5.15881747896453	2800.70316400741	1625.89598921417	232.758109520452	0	0	0	0	0	0	0	0	0	0.0646067981111771	0.0394546638824724	0.00658648830202993
70	110736.110748302	56026.4526382441	5489.20639433783	0	0	0	0	0	0	0	0	0	670.326997687385	378.296519091575	51.5830357286071	45587.544900097	23821.336716876	2589.07934044626	0	0	0	0	0	0	0	0	0	71.1425280291994	40.3624773845322	5.58997550650879	2800.76103176791	1625.93127605747	232.76376705678	0	0	0	0	0	0	0	0	0	0.0739276990756249	0.0456129292448706	0.00781532199832867
71	110711.460452427	56028.1345644523	5494.57065873359	0	0	0	0	0	0	0	0	0	694.409790697743	376.209242934265	46.134846442114	45587.5857994959	23821.3605177202	2589.08291667643	0	0	0	0	0	0	0	0	0	70.4957955160838	38.2693162088706	4.72286157745668	2800.7754905102	1625.93940244818	232.764904184136	0	0	0	0	0	0	0	0	0	0.0171716441837026	0.0104079486552173	0.00170307833875043
72	110660.620144333	56002.8952483551	5492.31063266065	0	0	0	0	0	0	0	0	0	745.342716206021	401.487719601035	48.3958647474103	45587.5828605364	23821.3624259509	2589.08454659958	0	0	0	0	0	0	0	0	0	76.7649128269282	41.5084693029799	5.06478252779539	2800.76844389319	1625.93373391151	232.763350201721	0	0	0	0	0	0	0	0	0	0.058621345120563	0.0354677868057353	0.00577811265889787
73	110701.099342477	56007.4110018235	5486.3195201003	0	0	0	0	0	0	0	0	0	705.307908871296	397.319028827135	54.4699509457384	45587.6156490542	23821.3763071455	2589.08435982657	0	0	0	0	0	0	0	0	0	74.8221057072587	42.3798607908595	5.90011893599752	2800.74739727758	1625.92250810204	232.762180787379	0	0	0	0	0	0	0	0	0	0.0661649833915381	0.0409289204632264	0.00707013704565466
74	110752.399831626	56051.0891074028	5497.73680234147	0	0	0	0	0	0	0	0	0	653.814115472505	353.439208097335	42.9901979531172	45587.5178622853	23821.3216882466	2589.07753393846	0	0	0	0	0	0	0	0	0	66.280495647767	35.896982710234	4.39227273254294	2800.76465573704	1625.93295124908	232.763903857385	0	0	0	0	0	0	0	0	0	0.0165907588915986	0.0100046188984696	0.00161596925681208
75	110642.337347733	55982.8408651061	5485.92395976869	0	0	0	0	0	0	0	0	0	764.44223538475	422.05745108447	54.8739844306587	45587.502620355	23821.3083768607	2589.07361019511	0	0	0	0	0	0	0	0	0	80.512744282862	44.7117418082748	5.91438286607153	2800.71623469255	1625.90372992254	232.759208981398	0	0	0	0	0	0	0	0	0	0.0811760942085425	0.0500519127364116	0.00857877686184311
76	110732.20520311	56020.6622287209	5486.75443233602	0	0	0	0	0	0	0	0	0	674.350751877121	384.181773309113	54.0606826956796	45587.5178099961	23821.3174293912	2589.07494734476	0	0	0	0	0	0	0	0	0	72.5153152578869	41.5533885222321	5.94295213398205	2800.71761172851	1625.90437342404	232.759267872806	0	0	0	0	0	0	0	0	0	0.0860794749269147	0.0533669699452144	0.00926804636479336
77	110676.927529917	56012.5111847655	5493.88857092268	0	0	0	0	0	0	0	0	0	729.35753124235	392.041695130259	46.836275626396	45587.5432808158	23821.3364167681	2589.07956948692	0	0	0	0	0	0	0	0	0	74.072653132906	39.89899159858	4.79898607862189	2800.78759046803	1625.94680155702	232.766072277713	0	0	0	0	0	0	0	0	0	0.0225279233154083	0.0135082277478442	0.00214300245492035
78	110749.083835597	56044.3724726065	5494.93521195902	0	0	0	0	0	0	0	0	0	656.933620236981	360.083537528175	45.7967447400508	45587.5129752173	23821.318422582	2589.07681130833	0	0	0	0	0	0	0	0	0	68.3157245653026	37.6233474352339	4.85444265051271	2800.70621024657	1625.89758675141	232.758198197748	0	0	0	0	0	0	0	0	0	0.0517808183393686	0.0317981055682182	0.00538945657574311
79	110739.878919032	56040.6883294639	5495.27960729232	0	0	0	0	0	0	0	0	0	666.236705589467	363.814964662739	45.4538532133877	45587.3542997647	23821.2269869623	2589.06398096813	0	0	0	0	0	0	0	0	0	68.9327620591788	37.8009278038523	4.78532093812216	2800.77515323482	1625.93931741712	232.764878182972	0	0	0	0	0	0	0	0	0	0.0487649813186932	0.0298308226172492	0.0049957132296089
80	110750.891326689	56049.5303939046	5497.25484060123	0	0	0	0	0	0	0	0	0	655.030444547371	354.841910233872	43.4540504646444	45587.5710495005	23821.3550892813	2589.08330376855	0	0	0	0	0	0	0	0	0	67.025679813409	36.4181073006705	4.50221800833031	2800.74584317356	1625.92138359682	232.761971148026	0	0	0	0	0	0	0	0	0	0.032270264933646	0.0195576159518917	0.00320052253593475
81	110686.175126074	56018.2993232304	5494.81945912037	0	0	0	0	0	0	0	0	0	719.746438704402	386.052933859381	45.8798137079519	45587.54944664	23821.3405443389	2589.08042638535	0	0	0	0	0	0	0	0	0	72.8063989351952	39.1151125432218	4.67329284855545	2800.77702745791	1625.93997782458	232.764805054192	0	0	0	0	0	0	0	0	0	0.0145210001483804	0.00877073466560006	0.00142214932372334
82	110749.490674165	56042.2425968898	5493.86442035637	0	0	0	0	0	0	0	0	0	656.109749197859	361.985020929385	46.8384651816755	45587.6742003549	23821.4116139315	2589.09006313596	0	0	0	0	0	0	0	0	0	66.7428454606754	36.8963063039539	4.8024440173134	2800.75283879506	1625.92533517327	232.762479103748	0	0	0	0	0	0	0	0	0	0.0103470853465504	0.00630954397683256	0.0010503261816473
83	110779.294865158	56060.9792781496	5497.7321951014	0	0	0	0	0	0	0	0	0	626.723079664466	343.473185643908	42.9939512400043	45587.5212873929	23821.3230204816	2589.0773528327	0	0	0	0	0	0	0	0	0	64.1976868792247	35.2826291666129	4.45599712475271	2800.71399568079	1625.90314332602	232.75951621701	0	0	0	0	0	0	0	0	0	0.0314975413717479	0.0189962943218735	0.00305495455937841
84	110724.616853616	56030.6104745949	5493.13794836028	0	0	0	0	0	0	0	0	0	681.436141296097	373.86891521833	47.598065252517	45587.4853390475	23821.2991107693	2589.07267192384	0	0	0	0	0	0	0	0	0	70.1309908933129	38.6092431654899	4.96682246355383	2800.73211051743	1625.91256023326	232.760362850654	0	0	0	0	0	0	0	0	0	0.0340904124591349	0.0208248260004525	0.00347952773486059
85	110663.049496861	55993.4362917593	5487.13500872266	0	0	0	0	0	0	0	0	0	743.383381738811	411.266346984169	53.6349684613828	45587.5454970307	23821.3372059804	2589.07950806425	0	0	0	0	0	0	0	0	0	76.8756592179348	42.6884169946521	5.62871849878427	2800.7123478447	1625.90072900054	232.758497732286	0	0	0	0	0	0	0	0	0	0.0368532266649073	0.0226663675801036	0.00385853869548367
86	110626.214698954	55975.4896881745	5485.61813888932	0	0	0	0	0	0	0	0	0	780.345694319345	429.272742183232	55.1562899994961	45587.5144115079	23821.3185761603	2589.07654146258	0	0	0	0	0	0	0	0	0	81.8744484155264	45.2829321413494	5.91284692143924	2800.75163368089	1625.92400201911	232.761915079991	0	0	0	0	0	0	0	0	0	0.0825961541429703	0.0505662999246329	0.00850776085779116
87	110699.483758804	56028.9483868859	5497.57224223219	0	0	0	0	0	0	0	0	0	706.341691618641	375.33450238365	43.1115001159749	45587.6093114053	23821.3721159496	2589.08364506272	0	0	0	0	0	0	0	0	0	71.5237829936023	38.067620999356	4.3957253413812	2800.76249536605	1625.93271614619	232.764288727096	0	0	0	0	0	0	0	0	0	0.0296290785620853	0.0174208643719178	0.00261094706941766
88	110626.435295484	55978.7076223049	5487.43138191646	0	0	0	0	0	0	0	0	0	779.98452732326	425.955349587106	53.3203515071082	45587.5972011104	23821.3696639299	2589.08511513335	0	0	0	0	0	0	0	0	0	80.6921238108725	44.2480879480068	5.61027257175479	2800.71121657926	1625.90141737061	232.759191300562	0	0	0	0	0	0	0	0	0	0.0565099673651788	0.0346054560619299	0.00581946223491374
89	110693.550484874	56019.5592383698	5494.07161672347	0	0	0	0	0	0	0	0	0	712.525498999355	384.891377951053	46.64461265146	45587.5849728453	23821.3636691535	2589.08469702219	0	0	0	0	0	0	0	0	0	73.5210709681182	39.8716656067302	4.89304428082189	2800.74937503516	1625.92357383016	232.762281305498	0	0	0	0	0	0	0	0	0	0.0594016783995415	0.0358174497991162	0.00576974795981445
90	110813.680266041	56067.8096319256	5493.62384618286	0	0	0	0	0	0	0	0	0	591.815887105109	336.417628819043	47.0997770822855	45587.5707564119	23821.3504774066	2589.08075824868	0	0	0	0	0	0	0	0	0	62.084890242148	35.4316117539017	5.01549680407994	2800.74721586995	1625.92219137418	232.762047148278	0	0	0	0	0	0	0	0	0	0.043019056820568	0.026638306540966	0.00461537154052104
91	110801.293388564	56066.1249095383	5495.42880553662	0	0	0	0	0	0	0	0	0	604.670972850953	338.33909605008	45.316237142465	45587.4856694516	23821.3027079736	2589.07466262647	0	0	0	0	0	0	0	0	0	62.7386699044971	35.2348945506698	4.77062813385487	2800.76356160338	1625.93149197808	232.763276077799	0	0	0	0	0	0	0	0	0	0.034615610173412	0.0212947806925807	0.0036253252057115
92	110753.232395987	56049.1271470529	5496.37994668172	0	0	0	0	0	0	0	0	0	653.015695519446	355.439705800222	44.3610312392671	45587.5715357481	23821.3509996058	2589.08084598707	0	0	0	0	0	0	0	0	0	67.9159647527552	37.145245798111	4.70465525279367	2800.71406174497	1625.90203165402	232.758808159366	0	0	0	0	0	0	0	0	0	0.0667743178368334	0.0403818668945046	0.00656784869145922
93	110672.027056704	56003.9472112465	5490.369875389	0	0	0	0	0	0	0	0	0	734.611646743307	400.845184556851	50.4040819958466	45587.4685550597	23821.289782561	2589.0714476851	0	0	0	0	0	0	0	0	0	77.5479824903079	42.5914549245465	5.4630568525414	2800.72949088642	1625.9115694108	232.760361710788	0	0	0	0	0	0	0	0	0	0.107181996906471	0.0654155776968956	0.0109083144203545
94	110688.491034448	56012.7737824238	5491.86606378249	0	0	0	0	0	0	0	0	0	717.566899512726	391.689037993703	48.8593650977864	45587.548377438	23821.3390376238	2589.07979952256	0	0	0	0	0	0	0	0	0	73.8446759274572	40.4497160216753	5.10125251605707	2800.77852946201	1625.94176984261	232.765483328219	0	0	0	0	0	0	0	0	0	0.0437071360501899	0.0266541073784912	0.00442880446302593
95	110750.571696401	56045.4042539694	5495.29533405159	0	0	0	0	0	0	0	0	0	655.013822707533	358.805257183884	45.4010757293091	45587.5188028925	23821.3209780173	2589.07688487358	0	0	0	0	0	0	0	0	0	66.6505301932334	36.5880480228564	4.65997738901366	2800.77196346535	1625.93674813	232.764238688367	0	0	0	0	0	0	0	0	0	0.0156153645438344	0.00949600650514738	0.00156882900311782
96	110729.215591213	56027.1792704197	5490.85353484085	0	0	0	0	0	0	0	0	0	677.040280306977	377.439386937431	49.9087589024704	45587.5254885576	23821.3267669667	2589.07845519777	0	0	0	0	0	0	0	0	0	70.949460905408	39.7424500076527	5.33058546534749	2800.76438976833	1625.93164219543	232.763147351992	0	0	0	0	0	0	0	0	0	0.0598777054251217	0.0368413573177156	0.0062621806529694
97	110644.503361317	55984.2045192886	5486.72036879645	0	0	0	0	0	0	0	0	0	761.718845831693	420.374304036923	54.029275848869	45587.574858272	23821.3539292177	2589.08159395573	0	0	0	0	0	0	0	0	0	79.3964496159092	44.0146337521157	5.73534105896065	2800.76203365198	1625.93011887109	232.762899898683	0	0	0	0	0	0	0	0	0	0.0641772676653216	0.0392094627753212	0.00654872373002501
98	110614.049501666	55962.5032325956	5482.04435027823	0	0	0	0	0	0	0	0	0	792.965338936988	442.547525520081	58.7789603593699	45587.5009543081	23821.3101237831	2589.07490130041	0	0	0	0	0	0	0	0	0	83.155985306915	46.6298494421401	6.28106318244461	2800.7330246906	1625.91344506436	232.760611403216	0	0	0	0	0	0	0	0	0	0.06149330671857	0.0378559413002741	0.00644779607744308
99	110700.039162709	56024.5406766568	5495.10234338994	0	0	0	0	0	0	0	0	0	705.911318700403	379.840399782172	45.6051231817318	45587.5078259769	23821.3148088578	2589.07606767933	0	0	0	0	0	0	0	0	0	73.2067877140051	39.5729202156276	4.82126605706078	2800.75874816206	1625.93113587665	232.764270982044	0	0	0	0	0	0	0	0	0	0.0865682981505607	0.0520036661660413	0.00829763312104225
100	110758.5922733	56052.7538456483	5497.18507658161	0	0	0	0	0	0	0	0	0	647.24532525432	351.579304785747	43.5218234151862	45587.511759259	23821.3220736989	2589.07906399965	0	0	0	0	0	0	0	0	0	66.0086023780106	35.9438876807159	4.48343601219174	2800.72121350754	1625.90624499715	232.75943313025	0	0	0	0	0	0	0	0	0	0.024736616709437	0.0148446574937636	0.00236462916811253
101	110710.123542027	56034.7401531257	5498.01246504415	0	0	0	0	0	0	0	0	0	695.582000403855	369.46835056992	42.6599216394474	45587.6930873407	23821.425571272	2589.09326137836	0	0	0	0	0	0	0	0	0	70.4075020013071	37.4594885197896	4.34839258443061	2800.78051478366	1625.94356257023	232.766016254882	0	0	0	0	0	0	0	0	0	0.0239081772614665	0.0141096642134866	0.00214164325571182
102	110715.150536812	56023.3656350346	5491.59895341043	0	0	0	0	0	0	0	0	0	690.993676733572	381.166471195096	49.1440193038695	45587.6011115244	23821.3714453197	2589.08519482734	0	0	0	0	0	0	0	0	0	71.2333978514708	39.4298239982682	5.13709502710612	2800.73425136385	1625.91343063437	232.760279813868	0	0	0	0	0	0	0	0	0	0.0361387450620996	0.02217598670079	0.00375056213335728
103	110690.418717995	56017.5531323126	5493.68866404143	0	0	0	0	0	0	0	0	0	715.841991955525	387.000910634354	47.0414865202207	45587.5834015693	23821.3620973842	2589.08426807382	0	0	0	0	0	0	0	0	0	73.5806990711189	39.919905844302	4.90709697380612	2800.71887853264	1625.90497132053	232.759280549764	0	0	0	0	0	0	0	0	0	0.0515092322600213	0.0311180428916751	0.00503729365038389
104	110732.253799083	56028.9838740784	5491.20908665025	0	0	0	0	0	0	0	0	0	673.91459823027	375.58680168426	49.5464983019202	45587.4021291208	23821.2558887425	2589.06843375074	0	0	0	0	0	0	0	0	0	70.547700567303	39.5038186890208	5.285881302606	2800.76537129703	1625.93344569925	232.763976137068	0	0	0	0	0	0	0	0	0	0.0539756817907786	0.033275322397908	0.00568713972616859
105	110709.498619728	56016.0406122534	5488.85069775398	0	0	0	0	0	0	0	0	0	696.717384409839	388.558818260433	51.9124304310337	45587.4673536415	23821.2898144204	2589.07186773745	0	0	0	0	0	0	0	0	0	71.9362084499803	40.2505454258758	5.42840431969518	2800.75969592483	1625.92980108296	232.76330933049	0	0	0	0	0	0	0	0	0	0.0263607362229377	0.0162244546470341	0.00276820936314866
106	110624.177763208	55986.1270537136	5491.24650496848	0	0	0	0	0	0	0	0	0	782.139657362884	418.438205174532	49.4789830024091	45587.5071228787	23821.315306851	2589.07648369334	0	0	0	0	0	0	0	0	0	79.9842103406004	42.9146319559953	5.12172992192299	2800.74452555582	1625.92108108236	232.76208368666	0	0	0	0	0	0	0	0	0	0.0507996984346819	0.0303191951131854	0.0047563145123983
107	110708.394224265	56015.0488762718	5488.89473627282	0	0	0	0	0	0	0	0	0	697.802840905151	389.541496693315	51.8664304086292	45587.5646233155	23821.3486250645	2589.08114913225	0	0	0	0	0	0	0	0	0	73.65418189014	41.3344677632264	5.58937868351979	2800.7548697645	1625.92626077101	232.762453393244	0	0	0	0	0	0	0	0	0	0.080727416279836	0.0493870300058363	0.00828259552076522
108	110754.601465335	56045.6264975526	5494.43912578696	0	0	0	0	0	0	0	0	0	651.104801475287	358.660363057933	46.2717178290863	45587.5252445852	23821.3261288919	2589.07817916409	0	0	0	0	0	0	0	0	0	66.4703450715402	36.7053874915534	4.77049249777265	2800.76742122203	1625.93433080638	232.76397274434	0	0	0	0	0	0	0	0	0	0.0165278016570115	0.0101719267916319	0.00173506042335456
109	110746.532995706	56054.54432737	5500.64901610897	0	0	0	0	0	0	0	0	0	659.045763862124	349.608090789047	40.0200584362917	45587.517626073	23821.3222000756	2589.07777500806	0	0	0	0	0	0	0	0	0	66.9962776406891	35.6209090589485	4.10854616139643	2800.7514255525	1625.92568779652	232.763027144191	0	0	0	0	0	0	0	0	0	0.0354341909709316	0.021103435304264	0.00328048842614786
110	110630.194744572	55977.5130479287	5485.71995673471	0	0	0	0	0	0	0	0	0	776.888522900708	427.539379292142	55.0928652663064	45587.5324700513	23821.330718802	2589.07890600939	0	0	0	0	0	0	0	0	0	81.481925021702	45.0870745998835	5.90535313829081	2800.73969602387	1625.91702981537	232.760937146597	0	0	0	0	0	0	0	0	0	0.0762891677545419	0.0468985675917371	0.00797990566050525
111	110676.862289821	55999.122571321	5487.35724465811	0	0	0	0	0	0	0	0	0	729.710838505372	405.663464339842	53.424388723697	45587.5025081019	23821.3158113944	2589.07781313571	0	0	0	0	0	0	0	0	0	75.1080082071632	41.8814258693983	5.56535995707449	2800.76673245694	1625.93345818538	232.763648924176	0	0	0	0	0	0	0	0	0	0.024499841404119	0.0150023565002344	0.00252327512251742
112	110779.975847971	56066.6720854773	5499.93446631602	0	0	0	0	0	0	0	0	0	625.868365198592	337.654624185845	40.7675380540677	45587.5182625266	23821.3181847081	2589.07539862113	0	0	0	0	0	0	0	0	0	63.6717872665954	34.4294558746968	4.18735878786128	2800.78723003586	1625.94650589228	232.765986505046	0	0	0	0	0	0	0	0	0	0.0257183717048235	0.0154029518356511	0.00243702033053048
113	110778.356047246	56059.0747102748	5496.40628357921	0	0	0	0	0	0	0	0	0	627.36616712558	345.222749568984	44.3057677670419	45587.3883228813	23821.2482854258	2589.06763830852	0	0	0	0	0	0	0	0	0	64.4758283495796	35.5949625565968	4.61350851973138	2800.75511307739	1625.92716077101	232.762930207526	0	0	0	0	0	0	0	0	0	0.0290789775415738	0.017854777314991	0.00302467386344215
114	110713.655431361	56031.8624612144	5495.88406483846	0	0	0	0	0	0	0	0	0	692.302826314036	372.525299700913	44.8259930137187	45587.5501680315	23821.3395626131	2589.07969527527	0	0	0	0	0	0	0	0	0	71.1653339536468	38.4320014843476	4.67777965081274	2800.69405471757	1625.88973713342	232.756783223797	0	0	0	0	0	0	0	0	0	0.0500850009690378	0.0301673670432255	0.00484890687765789
115	110728.483055075	56034.2420567199	5494.44248590406	0	0	0	0	0	0	0	0	0	677.847467953252	370.379714274938	46.3059552751088	45587.3863229126	23821.2458352741	2589.06675766818	0	0	0	0	0	0	0	0	0	70.0792453721535	38.441682256713	4.86486200662496	2800.7516416702	1625.92487614745	232.762475385191	0	0	0	0	0	0	0	0	0	0.055055019765891	0.0331657461253837	0.00533080277841903
116	110800.946451998	56069.7210163771	5497.14584326001	0	0	0	0	0	0	0	0	0	604.609545888161	334.49440968624	43.5596499165649	45587.5467827644	23821.3373287501	2589.07915829573	0	0	0	0	0	0	0	0	0	62.5245876166989	34.7173239104459	4.57021205611513	2800.71746887022	1625.90352199229	232.758818622879	0	0	0	0	0	0	0	0	0	0.0427521276075559	0.0260150037685369	0.00430262989495968
117	110775.275247993	56065.1988482123	5500.16952634045	0	0	0	0	0	0	0	0	0	630.088753021331	338.863586189137	40.4984737094742	45587.5146853243	23821.3173467397	2589.07577655243	0	0	0	0	0	0	0	0	0	64.0617141968707	34.5295598807772	4.15661390410975	2800.75924658388	1625.92950353171	232.763274861803	0	0	0	0	0	0	0	0	0	0.024094230190285	0.014508697356052	0.00233146092372389
118	110761.710003124	56056.1827055989	5498.44143487958	0	0	0	0	0	0	0	0	0	644.059810208836	348.10711616562	42.256792654459	45587.5307440656	23821.3286636826	2589.07834981962	0	0	0	0	0	0	0	0	0	65.290823884416	35.355649596271	4.31782500079614	2800.73774863369	1625.91647762211	232.761182591087	0	0	0	0	0	0	0	0	0	0.015932101181612	0.00962005213037133	0.00155534693356487
119	110768.928821773	56060.7379649866	5499.27614684448	0	0	0	0	0	0	0	0	0	636.785838586864	343.513856154656	41.4143639505033	45587.51224529	23821.3213384028	2589.07849857259	0	0	0	0	0	0	0	0	0	64.9026600397814	35.1009094386843	4.26653262796898	2800.76936639194	1625.93564980464	232.764277334548	0	0	0	0	0	0	0	0	0	0.0267595079871532	0.0161293983260914	0.00259581812932779
120	110782.148259781	56066.2181818167	5499.13706543099	0	0	0	0	0	0	0	0	0	623.781205546078	338.161678044093	41.5740936093498	45587.4329146232	23821.2776608811	2589.07316928224	0	0	0	0	0	0	0	0	0	63.6157457492769	34.5748014610736	4.28449559832346	2800.73431934544	1625.91437401202	232.760823668974	0	0	0	0	0	0	0	0	0	0.0248425146135667	0.0149518459264485	0.00240255352613856
121	110675.985527815	56011.0932265159	5493.55018080514	0	0	0	0	0	0	0	0	0	730.165589443605	393.399122135827	47.1710224239529	45587.5240243931	23821.3254733868	2589.07804306745	0	0	0	0	0	0	0	0	0	76.3068126235181	41.3391503885375	5.04522923261701	2800.73908976315	1625.91782541654	232.76152009386	0	0	0	0	0	0	0	0	0	0.113239739449985	0.0682964944043294	0.0110074181880707
122	110650.271228793	55995.680917666	5491.1024640927	0	0	0	0	0	0	0	0	0	756.038312733592	408.900724353506	49.6309769094689	45587.5592876164	23821.344935122	2589.08058803299	0	0	0	0	0	0	0	0	0	77.2669240062791	41.9067198804894	5.13224469683172	2800.75879218639	1625.92915353019	232.763133766256	0	0	0	0	0	0	0	0	0	0.0336632684118563	0.0203341496978833	0.0032888796565001
123	110693.544323238	56016.2655465921	5492.11997948059	0	0	0	0	0	0	0	0	0	712.50235636637	388.187028090009	48.6051502143729	45587.6130001099	23821.3778882537	2589.08586896708	0	0	0	0	0	0	0	0	0	73.5032613401539	40.1953421260957	5.09009282153214	2800.76619640685	1625.93204199801	232.762958562644	0	0	0	0	0	0	0	0	0	0.0536439257663394	0.0324980179063405	0.00532338029020424
124	110740.637231591	56028.6754063027	5489.31265081793	0	0	0	0	0	0	0	0	0	665.647728528605	375.989119225753	51.4665063512707	45587.5512688233	23821.3402299938	2589.07962066167	0	0	0	0	0	0	0	0	0	70.7663020338537	40.1852278709042	5.58614993430583	2800.74331987075	1625.92041780413	232.762023324428	0	0	0	0	0	0	0	0	0	0.0781469418798871	0.0479425160514574	0.00808629235346325
125	110686.024791547	56010.7795604004	5491.17902202918	0	0	0	0	0	0	0	0	0	720.219959456297	393.79030953868	49.5628598922461	45587.629220543	23821.3845322447	2589.08574053528	0	0	0	0	0	0	0	0	0	74.2314620462054	40.7377543178045	5.18634389799555	2800.77942938014	1625.94178165543	232.765221400411	0	0	0	0	0	0	0	0	0	0.0396347143672878	0.0242856969752508	0.00409111230661346
126	110647.286694913	55985.5831844152	5486.42704414028	0	0	0	0	0	0	0	0	0	759.095912607446	419.086110416765	54.3366719631518	45587.546162812	23821.3357608923	2589.0784328818	0	0	0	0	0	0	0	0	0	78.8420325956226	43.7107766813787	5.73870500735774	2800.75441741929	1625.92776001685	232.763419296398	0	0	0	0	0	0	0	0	0	0.0518526374965865	0.0318466257906298	0.0054017712654208
127	110753.947078902	56046.1321999725	5494.76653034769	0	0	0	0	0	0	0	0	0	651.992446937954	358.278204853804	45.9589936293942	45587.5707698575	23821.3511927564	2589.0812247474	0	0	0	0	0	0	0	0	0	66.6878726761387	36.7430243853463	4.75062939737919	2800.77727563411	1625.94041008043	232.764970475883	0	0	0	0	0	0	0	0	0	0.0233777887366754	0.0142304162514846	0.00236105301744105
128	110711.753293028	56028.3935523964	5494.39871159811	0	0	0	0	0	0	0	0	0	694.623156099216	376.23279504728	46.3458036658039	45587.5153516176	23821.3199053491	2589.07705372226	0	0	0	0	0	0	0	0	0	71.8642028152007	39.0862607862832	4.87662844845324	2800.72412861575	1625.90857421456	232.76003430576	0	0	0	0	0	0	0	0	0	0.0666409487922966	0.0401286296185645	0.0064666704956776
129	110655.851288925	55994.4954423678	5489.43645102988	0	0	0	0	0	0	0	0	0	750.266172881094	410.000713751496	51.293373030164	45587.5799839659	23821.3583028245	2589.08293083127	0	0	0	0	0	0	0	0	0	76.7205947884442	42.0389903709916	5.30373282725548	2800.7541127877	1625.92645718859	232.762785338519	0	0	0	0	0	0	0	0	0	0.0278915315223282	0.0169400756670419	0.00278464635842936
130	110765.617581782	56055.3566714792	5497.02880621212	0	0	0	0	0	0	0	0	0	639.74887328863	348.725794712625	43.6497592061915	45587.5139281317	23821.3164040153	2589.07546072356	0	0	0	0	0	0	0	0	0	65.4496923762706	35.7769437229274	4.51697117571666	2800.78726813731	1625.94673129942	232.766120611113	0	0	0	0	0	0	0	0	0	0.0299054819474393	0.0181378023187907	0.00297833931188059
131	110710.347269142	56019.4216481738	5490.45676422173	0	0	0	0	0	0	0	0	0	695.950582707253	385.206169489195	50.3029369349821	45587.4030789261	23821.2554351495	2589.06809496023	0	0	0	0	0	0	0	0	0	71.4235681875351	39.6470203017052	5.22171037589675	2800.73176626527	1625.91310194559	232.760752765065	0	0	0	0	0	0	0	0	0	0.0223271102589243	0.0136698517406714	0.00229900049549961
132	110709.859787299	56027.0266012112	5494.63783820926	0	0	0	0	0	0	0	0	0	695.929940241774	377.275794482389	46.0624338634912	45587.5998204668	23821.3662754121	2589.08250983424	0	0	0	0	0	0	0	0	0	71.5866949794915	38.9390711138126	4.80486254112355	2800.77763096664	1625.94207647239	232.765919297896	0	0	0	0	0	0	0	0	0	0.0534860961753334	0.0318840884474704	0.00497508299962857
133	110654.062408804	56006.1688878864	5495.31539369848	0	0	0	0	0	0	0	0	0	751.905002626922	398.181461004232	45.3737043498368	45587.6182862426	23821.3800491754	2589.08585671749	0	0	0	0	0	0	0	0	0	75.7854473988137	40.1760698487754	4.59431185706713	2800.74304979697	1625.92018434408	232.761981673851	0	0	0	0	0	0	0	0	0	0.0153683276107897	0.00904393759239571	0.00136063460461081
134	110733.896445852	56039.9990795079	5495.88770884742	0	0	0	0	0	0	0	0	0	671.843735338897	364.277390918597	44.8110859795141	45587.5286869371	23821.326132645	2589.0774077506	0	0	0	0	0	0	0	0	0	68.4595226847242	37.206122557046	4.61026777921654	2800.79981038874	1625.95356370058	232.766888465856	0	0	0	0	0	0	0	0	0	0.0265409439245593	0.0159263218099134	0.00253893479687598
135	110607.088164873	55970.5810955317	5487.06577800719	0	0	0	0	0	0	0	0	0	799.80941188199	434.33549394862	53.7167677370834	45587.521286136	23821.3200830567	2589.07573519123	0	0	0	0	0	0	0	0	0	82.8163269711993	45.1650233370675	5.6599034355586	2800.75880843501	1625.92955195158	232.763327820269	0	0	0	0	0	0	0	0	0	0.0628837298304783	0.0381050651230291	0.00623910786961243
136	110680.262589864	56013.8485207347	5494.20563449742	0	0	0	0	0	0	0	0	0	726.008834726982	390.70372178628	46.5199433342	45587.5263266281	23821.3251671224	2589.07727991024	0	0	0	0	0	0	0	0	0	74.2795300250786	40.0872751406397	4.81704060312082	2800.74942680995	1625.92540378035	232.763364795721	0	0	0	0	0	0	0	0	0	0.0488554876819307	0.0290355818543568	0.00448419521494008
137	110683.400943394	55998.329104751	5486.00747971769	0	0	0	0	0	0	0	0	0	723.354072782877	406.589496938297	54.8014247863471	45587.4598369711	23821.2867895657	2589.07183323519	0	0	0	0	0	0	0	0	0	75.8325655068413	42.8113796281006	5.84543697913873	2800.77891419358	1625.94158957988	232.765243044956	0	0	0	0	0	0	0	0	0	0.05291958675541	0.0324773849314761	0.00548430318787201
138	110681.511774202	55992.984427443	5483.07373588225	0	0	0	0	0	0	0	0	0	725.100839175382	411.877562756672	57.7394139819175	45587.37588736	23821.2421790697	2589.06712905689	0	0	0	0	0	0	0	0	0	77.246977243975	44.1097846196702	6.27377725482608	2800.76267560388	1625.93117223347	232.763299589685	0	0	0	0	0	0	0	0	0	0.0648358255257815	0.0402390880470119	0.00701339936782996
139	110727.41214181	56022.4823668568	5488.4042605266	0	0	0	0	0	0	0	0	0	678.93377180024	382.211835106083	52.3802641823509	45587.5720047678	23821.3484322752	2589.07928820391	0	0	0	0	0	0	0	0	0	71.4621527043093	40.4180421059497	5.61170942141602	2800.74946851549	1625.92393181996	232.762459436577	0	0	0	0	0	0	0	0	0	0.0568308153555172	0.0350336654930961	0.00600537295101624
140	110726.156227793	56029.3399963019	5492.1311878693	0	0	0	0	0	0	0	0	0	679.809743412562	375.102168728566	48.6042132014085	45587.4836274495	23821.3012610452	2589.07425263906	0	0	0	0	0	0	0	0	0	70.8623127999694	39.2849461575869	5.16255928940201	2800.73134491573	1625.91137906948	232.759839691242	0	0	0	0	0	0	0	0	0	0.0552939164125164	0.0340248556771632	0.00580060496223347
141	110758.884587157	56043.4632265676	5493.26004678882	0	0	0	0	0	0	0	0	0	647.079745472954	360.991946633663	47.4783562065662	45587.5985516881	23821.3677947101	2589.08372962677	0	0	0	0	0	0	0	0	0	66.9281586164964	37.4638778033128	4.97834358471883	2800.74471833698	1625.92093479609	232.761973959589	0	0	0	0	0	0	0	0	0	0.0406218697884169	0.0247551729955867	0.00409967924542084
142	110712.195832369	56025.8572353084	5493.10296236988	0	0	0	0	0	0	0	0	0	694.038285675925	378.702036956492	47.636962897705	45587.5452760481	23821.3367864732	2589.07934280003	0	0	0	0	0	0	0	0	0	70.5594856317862	38.5792103141967	4.88275811681505	2800.74034734461	1625.91765354799	232.761181421942	0	0	0	0	0	0	0	0	0	0.0154426531386129	0.00929357904842944	0.00149485731198361
143	110734.824028135	56035.3808422697	5493.78130300972	0	0	0	0	0	0	0	0	0	671.389893905296	369.181901216199	46.961326045113	45587.5250404342	23821.3271696215	2589.07892672003	0	0	0	0	0	0	0	0	0	68.4374869247351	37.7174378890066	4.83135997906127	2800.7734359744	1625.93695978224	232.763990009564	0	0	0	0	0	0	0	0	0	0.0175363927613651	0.0106751516758511	0.00176702822507837
144	110741.473996542	56028.1981302767	5488.50248125352	0	0	0	0	0	0	0	0	0	664.979404567353	376.569246643959	52.2954554222511	45587.4246532319	23821.2650952426	2589.06829475209	0	0	0	0	0	0	0	0	0	69.7110511843339	39.6370455460468	5.56710826688743	2800.7475751463	1625.92251259522	232.762161105253	0	0	0	0	0	0	0	0	0	0.0403234207733003	0.0249125517584678	0.00429126077480501
145	110721.024235726	56025.0928168563	5491.43479858193	0	0	0	0	0	0	0	0	0	685.040964754172	379.409978792772	49.3089297359029	45587.5195911184	23821.3189781868	2589.07547384127	0	0	0	0	0	0	0	0	0	71.6321363393537	39.8606505892157	5.25442626708695	2800.76358076866	1625.93285913977	232.764058683973	0	0	0	0	0	0	0	0	0	0.067337537054525	0.0411239116640521	0.00686372866777777
146	110715.15265939	56019.1702704985	5489.39587570622	0	0	0	0	0	0	0	0	0	691.265639277047	385.544685486159	51.3828396298977	45587.480741241	23821.2979519908	2589.07307992298	0	0	0	0	0	0	0	0	0	71.6677206650243	40.11862822178	5.40387916130782	2800.68565005426	1625.88543076593	232.756448462451	0	0	0	0	0	0	0	0	0	0.0348101656177442	0.0213693658633003	0.00362083076121097
147	110699.626902273	56022.3859827283	5494.56590760265	0	0	0	0	0	0	0	0	0	706.51781325438	382.11004647047	46.1571945653061	45587.3809163563	23821.2434876911	2589.06670636549	0	0	0	0	0	0	0	0	0	72.3161467876752	39.2278862770259	4.78438499333138	2800.77658989525	1625.9395194886	232.76464898848	0	0	0	0	0	0	0	0	0	0.0387663681140366	0.0233702673907068	0.00374870376105293
148	110738.881143532	56023.3302267297	5486.89330708776	0	0	0	0	0	0	0	0	0	667.392370760545	381.354748760022	53.8987086449074	45587.4816140415	23821.2996873902	2589.07381095711	0	0	0	0	0	0	0	0	0	71.2856303911764	40.9380165295947	5.86825738202803	2800.71353809109	1625.90228789953	232.759072188357	0	0	0	0	0	0	0	0	0	0.0771193179738795	0.0477522433357695	0.00826417603328668
149	110663.146186456	55998.2718109037	5489.48356427398	0	0	0	0	0	0	0	0	0	743.226144930239	406.370977944056	51.2689936154905	45587.4886013677	23821.3027797115	2589.0740171857	0	0	0	0	0	0	0	0	0	76.9104943620308	42.2185418216144	5.39063431494394	2800.76104853245	1625.931339928	232.763823338989	0	0	0	0	0	0	0	0	0	0.0604614309398186	0.0365196465759825	0.00592548185418298
150	110699.326313976	56025.1366438202	5495.66134181143	0	0	0	0	0	0	0	0	0	706.447850065653	379.132968652711	45.0261819083509	45587.6392080889	23821.3952853251	2589.08936474071	0	0	0	0	0	0	0	0	0	72.06816408576	38.7783972202643	4.64445499088984	2800.76086048118	1625.9308958132	232.763626964196	0	0	0	0	0	0	0	0	0	0.0359393369404626	0.0215385578348741	0.00341379653804132
151	110655.245592924	55992.4073229578	5488.15770806728	0	0	0	0	0	0	0	0	0	751.172939554964	412.274445615269	52.6050652289963	45587.491839418	23821.3052483066	2589.07441522414	0	0	0	0	0	0	0	0	0	78.6627426958751	43.406824808969	5.62974856275197	2800.71472438963	1625.90263845059	232.758954687364	0	0	0	0	0	0	0	0	0	0.0801440940537879	0.0491748871889303	0.00831419139383715
152	110763.80561945	56050.1186698381	5495.23167471217	0	0	0	0	0	0	0	0	0	641.940407140697	354.190737213158	45.4803085121105	45587.5892410354	23821.3633120744	2589.08348416095	0	0	0	0	0	0	0	0	0	65.7825140668814	36.3963196486476	4.71334979303107	2800.7757861545	1625.93987997077	232.765083688468	0	0	0	0	0	0	0	0	0	0.0265504766258501	0.016165690761785	0.00267239038115921
153	110755.403833797	56049.9485084462	5496.54127786883	0	0	0	0	0	0	0	0	0	650.692149280489	354.535261185149	44.1873909885163	45587.3937636622	23821.2507137037	2589.06762386275	0	0	0	0	0	0	0	0	0	66.6916307018677	36.4514794715945	4.58757971132225	2800.7743671026	1625.93955312457	232.765235255913	0	0	0	0	0	0	0	0	0	0.0299115180430051	0.0182240131575412	0.00302550579083522
154	110755.506742463	56051.717602127	5497.45919880811	0	0	0	0	0	0	0	0	0	650.166006654581	352.523490321939	43.2351157600471	45587.5284273036	23821.324261789	2589.07636081271	0	0	0	0	0	0	0	0	0	65.8223047205188	35.7497979425514	4.40818152990904	2800.79513052861	1625.95094012707	232.766575460082	0	0	0	0	0	0	0	0	0	0.0110038736310418	0.00668565845354398	0.00110093754841935
155	110757.348966502	56044.8973680502	5493.60328156513	0	0	0	0	0	0	0	0	0	648.51934225703	359.491409676789	47.1251581177302	45587.5932180432	23821.3649239245	2589.08342769607	0	0	0	0	0	0	0	0	0	66.8016923310931	37.1464323611005	4.91450455377158	2800.75116968824	1625.92460285741	232.762473236463	0	0	0	0	0	0	0	0	0	0.0306878284438762	0.0186556856525184	0.00308032185345754
156	110777.816346457	56053.3992481358	5493.69314849351	0	0	0	0	0	0	0	0	0	628.056598908829	351.009192648361	47.0439328448229	45587.4860852298	23821.3012372309	2589.07372629719	0	0	0	0	0	0	0	0	0	64.8668163847657	36.3730517585941	4.92184479939526	2800.78951631361	1625.94872597597	232.766692734841	0	0	0	0	0	0	0	0	0	0.0264554435335483	0.0163306704089065	0.00280516285079179
157	110726.462305046	56041.3087337203	5498.13154220936	0	0	0	0	0	0	0	0	0	679.481893802974	363.048347753434	42.5658243515123	45587.6286098286	23821.3825234121	2589.08487415915	0	0	0	0	0	0	0	0	0	68.8431741904003	36.8529316449698	4.34793790022588	2800.79273206468	1625.94886827927	232.765976221085	0	0	0	0	0	0	0	0	0	0.0208767921030643	0.0125573133375857	0.00201158098490847
158	110637.472110502	55988.6297458283	5490.11983155398	0	0	0	0	0	0	0	0	0	769.034996662938	416.060640173233	50.6278321624258	45587.5829519938	23821.3606433153	2589.08359108957	0	0	0	0	0	0	0	0	0	78.8976633006635	42.8162539853432	5.26059739321561	2800.68754640657	1625.88648477618	232.756543589523	0	0	0	0	0	0	0	0	0	0.0494953076392659	0.0294746477424668	0.00458653265174906
159	110699.165359367	56026.458834297	5496.36888307512	0	0	0	0	0	0	0	0	0	706.824811900835	377.926199500294	44.3322116419905	45587.5703113094	23821.3530837419	2589.08241245041	0	0	0	0	0	0	0	0	0	72.1266375527104	38.6630090706576	4.57276080790821	2800.75449087513	1625.92565224098	232.762205776264	0	0	0	0	0	0	0	0	0	0.0469910356895469	0.0277797226097459	0.00423600636483291
160	110753.106281991	56049.4616071389	5496.95483996982	0	0	0	0	0	0	0	0	0	652.999479204174	355.020249797727	43.770426718465	45587.552286705	23821.341796861	2589.08036423189	0	0	0	0	0	0	0	0	0	67.096709653911	36.601420200175	4.56049259788104	2800.75178919422	1625.92503276515	232.762537344759	0	0	0	0	0	0	0	0	0	0.0423667037816642	0.0255672332771115	0.00413510745618054
161	110701.950930347	56030.4723900228	5497.56987654058	0	0	0	0	0	0	0	0	0	704.056245303378	373.903669389619	43.124479132668	45587.6210358102	23821.3833912819	2589.08706231504	0	0	0	0	0	0	0	0	0	71.7414338433114	38.1939232559795	4.44059478889526	2800.77184648295	1625.93688784543	232.764321997493	0	0	0	0	0	0	0	0	0	0.0442091884993545	0.0260793611263064	0.00394683106217296
162	110686.01845254	56022.6062237526	5497.07652589354	0	0	0	0	0	0	0	0	0	719.927014053396	381.736301599203	43.6124009384298	45587.5525912762	23821.3421209393	2589.08053285943	0	0	0	0	0	0	0	0	0	72.9562076888267	38.7525817902825	4.45312575236758	2800.76922921972	1625.93736391908	232.765275891915	0	0	0	0	0	0	0	0	0	0.0309106189558225	0.0182325080352445	0.00275586059889735
163	110702.246230518	56024.4515786283	5494.5727353587	0	0	0	0	0	0	0	0	0	703.991619785215	380.090594140823	46.1571749364436	45587.5298440204	23821.3273633314	2589.07771670632	0	0	0	0	0	0	0	0	0	72.0209561528497	39.0018793033026	4.78179731492744	2800.7434447443	1625.91977512846	232.761619048223	0	0	0	0	0	0	0	0	0	0.0363267942320954	0.0220356534549685	0.00361561632749124
164	110705.568575071	56030.682574932	5497.09024577525	0	0	0	0	0	0	0	0	0	700.148189666635	373.550482397802	43.5915557202279	45587.5877756792	23821.3601777202	2589.0821301337	0	0	0	0	0	0	0	0	0	71.6907834297488	38.3687276086311	4.52339017364726	2800.8028822044	1625.95535194686	232.767138227352	0	0	0	0	0	0	0	0	0	0.0553670568262868	0.0331059589409515	0.00521535317858617
165	110704.007186426	56022.5469487154	5493.57109700889	0	0	0	0	0	0	0	0	0	702.263916754875	382.033060524471	47.1692425925037	45587.4886339344	23821.3016129385	2589.07330668923	0	0	0	0	0	0	0	0	0	72.1470062581901	39.3834129600179	4.91605190387299	2800.75733448687	1625.92842200281	232.763067982982	0	0	0	0	0	0	0	0	0	0.0392672989496789	0.0240062987344456	0.00401631366885633
166	110726.708972632	56031.3616840891	5493.1797272204	0	0	0	0	0	0	0	0	0	679.501505312374	373.205151914744	47.5667130926953	45587.3074237449	23821.1987934314	2589.05943428301	0	0	0	0	0	0	0	0	0	69.5936534065156	38.3326937204073	4.92850554799412	2800.76527185665	1625.93426363343	232.764460290309	0	0	0	0	0	0	0	0	0	0.0232414516461212	0.0142254082861249	0.00239009230622021
167	110724.761668288	56035.0674277035	5495.26858385812	0	0	0	0	0	0	0	0	0	681.006888973181	369.22426648449	45.4320780344678	45587.6027424595	23821.370224033	2589.08416546935	0	0	0	0	0	0	0	0	0	69.4445347061275	37.7443298043303	4.68025444104433	2800.74867539411	1625.92306085997	232.762186027524	0	0	0	0	0	0	0	0	0	0.0262575820850928	0.0158257142368652	0.00255374051193079
168	110723.736643082	56030.3860597874	5493.25228133168	0	0	0	0	0	0	0	0	0	682.14163883837	373.991574946585	47.4686562139869	45587.5744519377	23821.3521977264	2589.08086803527	0	0	0	0	0	0	0	0	0	70.9794846966154	39.0941027421049	5.03167118627413	2800.74697135602	1625.92146208769	232.761666860524	0	0	0	0	0	0	0	0	0	0.0628076842541712	0.0381927259805862	0.00630644940175822
