infectiousSym1	infectiousSym2	infectiousSym3	beta	epsilonS	epsilonC	w	aC3	T1	T2	D1	D2
20.8162865738575	5.89873276164848	3.43897108734807	0.350316485486962	0.75461859074899	0.56572840597922	0.892009318423569	0.524140251883327	53.7742921182785	71.6598957460811	0.422125832029886	0.403690175593423
12.0431363849982	4.36223245244445	2.21099806637573	0.564893590974407	0.8150231936632	0.697356160822157	0.288403362491485	0.443963190846755	53.2411766196266	72.0772434172742	0.33150764591418	0.105841030790133
17.1777278653287	5.89981774147842	3.90900550638034	0.513979741447344	0.6065779846799	0.708831189343994	0.311737324158587	0.372379367504006	53.8646311761955	70.3690390674132	0.30613372278508	0.299220816513558
18.8793086544051	4.09875640318859	3.01144520489336	0.464636297980091	0.671090987109579	0.852214943627389	0.607482173327264	0.307165642040432	56.051934474194	78.9169075043842	0.130667331683263	0.408704840430664
14.6392180991701	5.00960995154167	3.25026793128799	0.510646890368722	0.502092362381378	0.732354437012216	0.492805538465418	0.337679962080061	59.0897151482025	75.525812881008	0.437630456384411	0.445745391042915
13.6416671385251	3.98497663151082	2.67361969681014	0.483730544243418	0.680182958194502	0.67708287261229	0.267473793670014	0.546373702415109	55.0340519822257	72.5546068781908	0.357121873667033	0.236419145098189
15.0428353332595	4.15362826067992	2.83541825948225	0.624102180008274	0.688793657144718	0.692352076882096	0.200880976825822	0.344981473954618	52.1343315953765	72.1049298948073	0.372929493963753	0.13640580137748
15.5077876969409	5.47832613640036	2.08398203038843	0.336573511461969	0.770901156877866	0.560039850910241	0.863966810876355	0.57873471134613	57.3100429392325	78.2322442788472	0.455405511415936	0.148141906366125
19.1308292282753	5.09108522204459	2.57442703991558	0.414760727123497	0.70028650948083	0.874287066777693	0.387033910207748	0.462587043178277	55.1590184840031	73.2590918523003	0.0723041886908235	0.227577839430619
