infectiousSym1	infectiousSym2	infectiousSym3	beta	epsilonS	epsilonC	w	aC3	T1	T2	D1	D2
17.6894512317767	4.76227341667796	2.56221983417985	0.519705192260435	0.700102617606726	0.602346692350032	0.463491289615855	0.362210380402026	54.9893608780444	78.7551781238539	0.429641956306202	0.207418783624785
12.9761593125397	3.40746689796094	3.93223416234553	0.461025725712711	0.510782117099678	0.81221830944268	0.228943332788702	0.555173249032495	57.6355913302798	71.1448721477892	0.157795809224166	0.462187128147774
13.46166991811	3.14777206732528	2.57284843562415	0.468383989263652	0.899115468082968	0.738020971814096	0.840491857617497	0.336525014705476	53.8939037771877	74.0849202686176	0.200813363267807	0.365759369209537
17.6468234474942	3.8612799011318	2.29828203137731	0.42101233605599	0.529938143648645	0.697493136152495	0.4265071758903	0.518009816055887	53.8187621464318	77.557274104974	0.0607494912148803	0.0173340941739501
19.9153447889919	4.99678105461774	3.075406158795	0.44749814322684	0.679763037600638	0.780604101114506	0.304168582598977	0.503628453777668	52.9740809824869	71.036000176114	0.39051673648021	0.244699374995299
10.9368704139423	2.9094120885469	3.12990788461477	0.485417586313654	0.536703425642876	0.814620856685657	0.156112728193365	0.588824974561406	59.4071406458262	79.3426656526497	0.108748573398474	0.444781670986116
8.27976903391965	2.6727738203912	3.42322388077655	0.48217849590945	0.500782104365425	0.842066762539027	0.508380591785833	0.525831709100108	54.9920837737029	76.304407012451	0.341517876065394	0.489331063131883
18.2944806768171	7.42906792598618	3.12314479261008	0.545414132576296	0.733216435831962	0.599698276928551	0.117911125660464	0.421514444779311	54.1602756135261	73.4269083434483	0.284997250600974	0.317974826924864
20.0294545777428	9.8807948137627	3.97885426325514	0.449300650516348	0.652190418052506	0.770111891458584	0.204626222606339	0.468536842789978	52.5351660899846	71.8466532866082	0.458650638510752	0.485815795424418
