S01	S02	S03	E01	E02	E03	I01	I02	I03	Y01	Y02	Y03	R01	R02	R03	S11	S12	S13	E11	E12	E13	I11	I12	I13	Y11	Y12	Y13	R11	R12	R13	S21	S22	S23	E21	E22	E23	I21	I22	I23	Y21	Y22	Y23	R21	R22	R23
1	109676.383885528	54453.8821805607	4295.23009014958	0	0	0	0	0	0	0	0	0	707.326775968803	403.406297126279	58.7541372357101	45326.4323498373	24025.7010389141	2759.68965039183	0	0	0	0	0	0	0	0	0	73.6762519488776	42.3200208637327	6.29810745200621	3853.56573303759	3118.9581255174	1328.46597419696	0	0	0	0	0	0	0	0	0	0.0645169703668616	0.0431804597585	0.00917535246043593
2	109778.437655871	54512.0699594371	4304.30369900489	0	0	0	0	0	0	0	0	0	604.728855833684	344.900577632507	49.6284544865187	45326.520291951	24025.7535230262	2759.69796005782	0	0	0	0	0	0	0	0	0	62.4271327075478	35.8082360894561	5.24528851240961	3853.59173160469	3118.97666688838	1328.4703289833	0	0	0	0	0	0	0	0	0	0.0418448112175644	0.0279749414845041	0.00590809326828421
3	109689.148957478	54476.5599063508	4304.90150643958	0	0	0	0	0	0	0	0	0	694.064306928017	380.372449764245	49.0008566530372	45326.5475064529	24025.7733820477	2759.70285330646	0	0	0	0	0	0	0	0	0	70.6473151532067	38.8589031731966	5.06821044339527	3853.59101134974	3118.97474188735	1328.46921095508	0	0	0	0	0	0	0	0	0	0.0352488840376882	0.0228026078556035	0.00442670454895546
4	109612.850117497	54426.2405406364	4295.04758320732	0	0	0	0	0	0	0	0	0	771.070457788891	431.123881923816	58.9281435335382	45326.4694172083	24025.7184597104	2759.69022350144	0	0	0	0	0	0	0	0	0	79.1083342427968	44.4506111040043	6.17382533224026	3853.62953250862	3119.003904407	1328.4768775263	0	0	0	0	0	0	0	0	0	0.0457430030164211	0.0301443337534919	0.00615008581517236
5	109674.402266415	54467.9370377659	4303.42391620046	0	0	0	0	0	0	0	0	0	709.142496081475	389.178554101091	50.5031279559324	45326.539744533	24025.7656369294	2759.70031781805	0	0	0	0	0	0	0	0	0	71.4926090802144	39.3058562057628	5.13164904585663	3853.58459315931	3118.97220933716	1328.46958489176	0	0	0	0	0	0	0	0	0	0.0103038944218704	0.0066419817320758	0.0012824166037119
6	109646.572855552	54447.4891508516	4299.12441008436	0	0	0	0	0	0	0	0	0	737.151831140097	409.761454805833	54.8327076338542	45326.3651048874	24025.6610051472	2759.6836182713	0	0	0	0	0	0	0	0	0	76.1706670770322	42.6125621870934	5.82398471825978	3853.57441334774	3118.96618459052	1328.46872208636	0	0	0	0	0	0	0	0	0	0.0692488032202493	0.0455615823876297	0.00920995573094278
7	109621.889381133	54421.7095616184	4290.81584796711	0	0	0	0	0	0	0	0	0	762.088742283925	435.725826025267	63.1834177432391	45326.4172577099	24025.6913048337	2759.68811743977	0	0	0	0	0	0	0	0	0	77.7446274632348	44.6050341365464	6.53730055317971	3853.63775642508	3119.00861460327	1328.47741555256	0	0	0	0	0	0	0	0	0	0.019026223210526	0.0124840881885219	0.00252070343314254
8	109804.772027983	54517.7084036248	4300.78337280052	0	0	0	0	0	0	0	0	0	578.397368898583	339.303955088505	53.1727176523757	45326.4543564747	24025.7194307388	2759.69485285735	0	0	0	0	0	0	0	0	0	59.2635787531549	34.8949051178835	5.52607882666771	3853.49432851671	3118.91315617665	1328.45827519252	0	0	0	0	0	0	0	0	0	0.0164301645468506	0.0110682204708241	0.00238886687597565
9	109597.123585249	54420.0353040487	4295.17942010823	0	0	0	0	0	0	0	0	0	786.777366162628	437.309402113655	58.7904518783478	45326.484428777	24025.7311006554	2759.69401193916	0	0	0	0	0	0	0	0	0	81.0031791108009	45.2848095138271	6.20538191086833	3853.59162781064	3118.97725950396	1328.47063761917	0	0	0	0	0	0	0	0	0	0.0563882154461811	0.037443901971043	0.00778630693280085
10	109686.273613417	54457.9333926333	4295.33502889044	0	0	0	0	0	0	0	0	0	697.411835614882	399.342985219843	58.6472837678664	45326.4513098145	24025.7074330442	2759.68859249147	0	0	0	0	0	0	0	0	0	71.3104095201752	40.9928401818113	6.09140459076261	3853.59714785142	3118.98195956236	1328.47223929338	0	0	0	0	0	0	0	0	0	0.0211411034152077	0.0140615760040817	0.00294384217117522
11	109656.669643547	54441.5709200307	4292.64931081979	0	0	0	0	0	0	0	0	0	727.025787584707	415.708058203316	61.3347565969643	45326.5457489574	24025.769783025	2759.70080577356	0	0	0	0	0	0	0	0	0	75.4145594017122	43.3915085739908	6.52084502992941	3853.55936323457	3118.95586750777	1328.46652164423	0	0	0	0	0	0	0	0	0	0.0517575598884992	0.0343942170133394	0.00718729458738057
12	109629.13069814	54436.6478945015	4296.44498075991	0	0	0	0	0	0	0	0	0	754.339601525443	420.454422991547	57.492914466368	45326.5305298392	24025.7583558766	2759.69807422203	0	0	0	0	0	0	0	0	0	77.0867754837027	43.1504263579049	5.98162414251216	3853.62534622892	3118.99978682526	1328.47536912597	0	0	0	0	0	0	0	0	0	0.034027061331612	0.0224359557153769	0.00459442683301524
13	109758.337959204	54519.5833932546	4312.70177095415	0	0	0	0	0	0	0	0	0	624.832714841733	337.301375657789	41.1832458928912	45326.5758845384	24025.7920873597	2759.70658260657	0	0	0	0	0	0	0	0	0	63.0418165552915	34.0973177350353	4.19122984042924	3853.5774001566	3118.96731519623	1328.468560719	0	0	0	0	0	0	0	0	0	0.0195480032466957	0.012322258604091	0.00222860079253356
14	109652.419990612	54441.1908429391	4293.32669478177	0	0	0	0	0	0	0	0	0	731.410546496117	416.161217957243	60.6691844139466	45326.3955219429	24025.6690166912	2759.67855295472	0	0	0	0	0	0	0	0	0	75.1153749002881	42.9385162127971	6.34634740190989	3853.64690978554	3119.01420202651	1328.47727900115	0	0	0	0	0	0	0	0	0	0.0336134312073446	0.0220892552646865	0.00449335321903366
15	109658.349702617	54450.6512791739	4297.1892271352	0	0	0	0	0	0	0	0	0	725.357085311813	406.599912999423	56.7770459292424	45326.4618645128	24025.7179326794	2759.69185366574	0	0	0	0	0	0	0	0	0	75.2605696588713	42.4846137001376	6.06360095714604	3853.600880133	3118.98332114835	1328.47184431038	0	0	0	0	0	0	0	0	0	0.0710653734606023	0.0469415894146401	0.00964054421698693
16	109665.753188356	54457.1688821568	4298.93329499086	0	0	0	0	0	0	0	0	0	717.790257018916	399.975740800234	55.0119542610072	45326.5289925584	24025.7625819428	2759.70113106262	0	0	0	0	0	0	0	0	0	73.4070400877542	41.0870982517183	5.73087768346317	3853.53667403316	3118.94145447222	1328.46391332967	0	0	0	0	0	0	0	0	0	0.0338033095785833	0.0221704269701178	0.0044806598006926
17	109641.70412122	54437.9554106664	4295.12181381456	0	0	0	0	0	0	0	0	0	742.018200672017	419.320206387238	58.8500463779625	45326.4692799784	24025.7172810255	2759.68962066997	0	0	0	0	0	0	0	0	0	76.3040472372494	43.3436665672411	6.18440278549794	3853.58516357937	3118.97461337968	1328.47103462734	0	0	0	0	0	0	0	0	0	0.0413935553817502	0.0275910615952453	0.00578267990440216
18	109728.917652639	54480.609739685	4297.30996893399	0	0	0	0	0	0	0	0	0	654.772972551683	376.677131491289	56.6799414903517	45326.4500553034	24025.7092816795	2759.69002696573	0	0	0	0	0	0	0	0	0	67.3708213910623	38.9467405752884	5.94336388080938	3853.62716173311	3118.99984250533	1328.4747931075	0	0	0	0	0	0	0	0	0	0.0271418007984714	0.0181016433016721	0.00381848009392648
19	109690.075392256	54471.2585456785	4301.91800868317	0	0	0	0	0	0	0	0	0	693.217536986491	385.741560693606	52.0024683486337	45326.5507677774	24025.7755208023	2759.70315029634	0	0	0	0	0	0	0	0	0	70.7769547764607	39.5437154678977	5.40185986683056	3853.56347605085	3118.95891989712	1328.46716215182	0	0	0	0	0	0	0	0	0	0.0340252621465516	0.0222145252882277	0.00443275360358463
20	109628.235177852	54443.2642554412	4300.36265013949	0	0	0	0	0	0	0	0	0	755.361349961682	413.873698908521	53.5642534680653	45326.4960223896	24025.7424944006	2759.69806563549	0	0	0	0	0	0	0	0	0	76.2378379333214	41.8544876592083	5.45293275184746	3853.6029660681	3118.98657692656	1328.47357965883	0	0	0	0	0	0	0	0	0	0.0127577927056711	0.00817529775495455	0.00155400643619562
21	109665.078248472	54461.443682163	4301.88654749733	0	0	0	0	0	0	0	0	0	718.95859678631	395.951877158473	52.0801605641214	45326.4190373352	24025.6936560714	2759.68921563061	0	0	0	0	0	0	0	0	0	73.0440866543877	40.3560445923889	5.36384132931589	3853.6565124608	3119.02137393529	1328.4801766907	0	0	0	0	0	0	0	0	0	0.0285723174574776	0.0182727597637537	0.00345870627905932
22	109674.232983102	54456.1537656769	4296.75714027251	0	0	0	0	0	0	0	0	0	709.218318459513	400.963557100796	57.1959098544542	45326.5366720512	24025.7633008422	2759.69734019747	0	0	0	0	0	0	0	0	0	72.6994127476884	41.2851487959375	5.96987632046326	3853.58963916181	3118.97421108761	1328.46929834577	0	0	0	0	0	0	0	0	0	0.0368759462681352	0.0242251843045731	0.00492427318526925
23	109735.972704584	54496.6313526033	4304.69846649752	0	0	0	0	0	0	0	0	0	646.995057469867	360.185550697482	49.1983880722486	45326.4926298714	24025.7313740072	2759.69174268371	0	0	0	0	0	0	0	0	0	65.7650020275926	36.7298171980962	5.06842290174435	3853.65360375205	3119.02221842795	1328.48167727613	0	0	0	0	0	0	0	0	0	0.0225973396387906	0.0146452224979065	0.00287299154056856
24	109791.51853422	54526.3007660196	4308.14475362832	0	0	0	0	0	0	0	0	0	591.586362457503	330.598340179089	45.7656218142044	45326.5281280129	24025.7601310292	2759.6999439612	0	0	0	0	0	0	0	0	0	60.1163853211656	33.7054041057511	4.71426765271452	3853.60489697189	3118.98743798475	1328.47343243974	0	0	0	0	0	0	0	0	0	0.0203558464620434	0.0133040872717501	0.00267251712958971
25	109609.630382102	54415.9610877889	4289.38362755731	0	0	0	0	0	0	0	0	0	774.355069435468	441.4857588173	64.6260371181623	45326.4684288626	24025.7205718436	2759.69156981464	0	0	0	0	0	0	0	0	0	80.8491995091988	46.4448194609689	6.95387805816372	3853.55946706867	3118.95654303736	1328.46678754199	0	0	0	0	0	0	0	0	0	0.0709818827628334	0.0476033327274029	0.0101726624169451
26	109691.420838055	54447.2982188327	4287.89848365177	0	0	0	0	0	0	0	0	0	692.339933460756	410.090996854159	66.1333758863012	45326.3465905103	24025.6414829503	2759.67495630613	0	0	0	0	0	0	0	0	0	71.8995406100101	42.8119637117846	7.00340879238247	3853.59536053521	3118.97807036211	1328.46918098987	0	0	0	0	0	0	0	0	0	0.028703197388954	0.0195457705989575	0.00432478938125408
27	109798.830031262	54520.0660280784	4303.06936876948	0	0	0	0	0	0	0	0	0	584.254797577961	336.873491315004	50.8687454737991	45326.5462627426	24025.7677509353	2759.69938968275	0	0	0	0	0	0	0	0	0	60.4100879916701	35.0349915352931	5.38105599419311	3853.58035736807	3118.97047892201	1328.46966246811	0	0	0	0	0	0	0	0	0	0.0363707808540562	0.0246539966947552	0.00540059196510434
28	109725.262426179	54468.3988596194	4292.18885835402	0	0	0	0	0	0	0	0	0	658.193798271473	388.792924849521	61.799775027073	45326.579562219	24025.7931061845	2759.7060883377	0	0	0	0	0	0	0	0	0	68.6078419925709	40.7633152886812	6.58651152009345	3853.57240073429	3118.96401719962	1328.4678522526	0	0	0	0	0	0	0	0	0	0.041227487827219	0.027823462499421	0.00602606541231196
29	109707.745824891	54471.3616262021	4296.96409570309	0	0	0	0	0	0	0	0	0	675.89634620484	385.891833214621	57.019250372059	45326.4510611398	24025.7056530684	2759.68740600732	0	0	0	0	0	0	0	0	0	69.8958567873346	40.1376305445593	6.03146802003261	3853.57651707988	3118.96789244152	1328.46916434459	0	0	0	0	0	0	0	0	0	0.0459417182263542	0.0304772607985963	0.00635870757486161
30	109719.669051506	54490.2370453412	4305.18548209659	0	0	0	0	0	0	0	0	0	663.316666155305	366.580639753947	48.7063674710451	45326.4990017952	24025.7443475101	2759.69836280087	0	0	0	0	0	0	0	0	0	68.0260212100961	37.7826681755289	5.10310780764456	3853.60746266334	3118.98807825838	1328.47299997924	0	0	0	0	0	0	0	0	0	0.049693154099343	0.0324497424803287	0.00648848261072919
31	109617.44642087	54435.9594012884	4298.98287795246	0	0	0	0	0	0	0	0	0	766.264553659351	421.241907555138	54.9522512182882	45326.5984035812	24025.8089803798	2759.71090782856	0	0	0	0	0	0	0	0	0	78.1871299565	43.1532389628381	5.7039594214649	3853.59880689901	3118.98326875562	1328.47246724313	0	0	0	0	0	0	0	0	0	0.0423662590440083	0.0271235044835425	0.00512787421601975
32	109684.170702589	54457.9614169729	4295.5594974672	0	0	0	0	0	0	0	0	0	699.256817742857	399.155742239482	58.3955512561401	45326.5417903422	24025.7704373912	2759.70248530793	0	0	0	0	0	0	0	0	0	72.0321813693154	41.3361936451526	6.14439893017342	3853.55016904402	3118.95218394157	1328.46677833965	0	0	0	0	0	0	0	0	0	0.0371359400680927	0.0248146593103903	0.00524434987460875
33	109700.245385867	54481.2392278632	4304.82841401285	0	0	0	0	0	0	0	0	0	683.083224157212	375.765403137031	49.0867285566422	45326.486412624	24025.734304759	2759.69559171638	0	0	0	0	0	0	0	0	0	70.3895103237258	38.9484391040207	5.18731309385864	3853.60391549089	3118.98681228278	1328.47320759827	0	0	0	0	0	0	0	0	0	0.072053839772171	0.046515927486123	0.00898214338495342
34	109642.942478278	54442.9292956596	4296.54590729997	0	0	0	0	0	0	0	0	0	740.886961762169	414.383887897947	57.4246771989417	45326.4418626418	24025.7090981913	2759.69220098767	0	0	0	0	0	0	0	0	0	75.3164958372985	42.2661565116844	5.91942353206367	3853.57872134951	3118.97008708379	1328.47000145832	0	0	0	0	0	0	0	0	0	0.0176747546132069	0.0116853601505397	0.00240563164439759
35	109637.506115523	54437.2812729419	4294.8379099057	0	0	0	0	0	0	0	0	0	746.321764798529	420.054216723054	59.1464381133623	45326.4707558997	24025.7201641553	2759.69069171214	0	0	0	0	0	0	0	0	0	78.4357257822172	44.5501252971613	6.45211627460411	3853.53984844919	3118.94345201036	1328.46408858057	0	0	0	0	0	0	0	0	0	0.111411937814091	0.0737338477114161	0.0152066901130171
36	109747.092216323	54473.8836767585	4290.43098379424	0	0	0	0	0	0	0	0	0	636.426876832119	383.379194169768	63.5808856112481	45326.4589249264	24025.7184702252	2759.69284840459	0	0	0	0	0	0	0	0	0	66.1751211054756	40.0499688968196	6.72794274745253	3853.53129353336	3118.93929183361	1328.46426669312	0	0	0	0	0	0	0	0	0	0.0253733461750679	0.017285404092906	0.00381956343223192
37	109649.181990582	54425.7943419069	4286.72733151138	0	0	0	0	0	0	0	0	0	734.895124909954	431.756829021715	67.3132647308659	45326.4534653383	24025.7187223593	2759.69452988046	0	0	0	0	0	0	0	0	0	76.0805652788194	44.9231930588619	7.10622086690542	3853.49599526871	3118.9151586424	1328.45909202256	0	0	0	0	0	0	0	0	0	0.0305136220072176	0.0205211854369359	0.00439971751172571
38	109695.712286921	54439.3332695021	4282.81122862351	0	0	0	0	0	0	0	0	0	687.676692680229	417.872889780064	71.2025414923062	45326.4263562386	24025.6895439292	2759.68438038552	0	0	0	0	0	0	0	0	0	72.7465575372132	44.4746893524075	7.70077712415773	3853.61951030963	3118.99527389649	1328.47407620756	0	0	0	0	0	0	0	0	0	0.0478454864004403	0.0326213718280034	0.00723523696065127
39	109662.047724017	54460.451866093	4302.5064647417	0	0	0	0	0	0	0	0	0	721.527091552286	396.686338095743	51.4245007107988	45326.4933556034	24025.7360069665	2759.69469763707	0	0	0	0	0	0	0	0	0	73.1988867964294	40.3635214586899	5.28539236709048	3853.60535837754	3118.98729823561	1328.47321840384	0	0	0	0	0	0	0	0	0	0.0250225770605251	0.0161930158702369	0.00314926457909039
40	109700.004826647	54461.4650174775	4294.17863296498	0	0	0	0	0	0	0	0	0	683.852233073288	395.933040943712	59.8327626949067	45326.2987650605	24025.6179896677	2759.67383489526	0	0	0	0	0	0	0	0	0	70.2441249579254	40.8519880023048	6.25550433621166	3853.62716246568	3118.99931947449	1328.47348803779	0	0	0	0	0	0	0	0	0	0.0238935841282272	0.0161319948253816	0.00349470692817029
41	109741.246577825	54493.7160403074	4302.24119624009	0	0	0	0	0	0	0	0	0	642.418780941691	363.530387070004	51.7298302783888	45326.4782250047	24025.7256868462	2759.69240046766	0	0	0	0	0	0	0	0	0	66.5436987104125	37.9035629816315	5.50473621817545	3853.60039506094	3118.9832618424	1328.47193350976	0	0	0	0	0	0	0	0	0	0.0503027631055487	0.0335668863900441	0.00707380199972603
42	109711.047357539	54480.794025369	4302.61497724959	0	0	0	0	0	0	0	0	0	672.437026879291	376.33454728793	51.3327035917208	45326.359578694	24025.6537194566	2759.67919863556	0	0	0	0	0	0	0	0	0	68.5024661377827	38.4818952354646	5.3139606830202	3853.59827059028	3118.98167413492	1328.4706939367	0	0	0	0	0	0	0	0	0	0.0229132266713493	0.0151706948454566	0.00312391578224925
43	109743.403244922	54486.466766306	4297.59902838423	0	0	0	0	0	0	0	0	0	639.935461185578	370.621042924923	56.3603438926865	45326.4512968855	24025.7135126199	2759.69237360393	0	0	0	0	0	0	0	0	0	65.5424128829901	38.1131064810501	5.8643894564812	3853.63096452616	3119.00272577239	1328.47561220517	0	0	0	0	0	0	0	0	0	0.0182832706416262	0.0123571798763352	0.00268592299355884
44	109788.421861823	54500.820525543	4295.08079788198	0	0	0	0	0	0	0	0	0	594.932159802503	356.335402442654	58.913353167207	45326.5086895432	24025.7477227426	2759.69747233267	0	0	0	0	0	0	0	0	0	62.7655171421804	37.8552116909257	6.37688884271159	3853.58945438289	3118.97608367897	1328.47056969709	0	0	0	0	0	0	0	0	0	0.0524314434451747	0.0358067348463102	0.00797147647442124
45	109725.59250325	54494.5762053649	4306.64758438319	0	0	0	0	0	0	0	0	0	657.878219108763	362.509663785745	47.2778808624153	45326.4740114486	24025.7277041096	2759.69483414908	0	0	0	0	0	0	0	0	0	66.5761874246846	36.7773929844086	4.83703937509309	3853.58182871611	3118.97182564061	1328.47015242434	0	0	0	0	0	0	0	0	0	0.0182293498126705	0.011753417845853	0.00226497911037896
46	109599.893566489	54421.8513042813	4295.5662888781	0	0	0	0	0	0	0	0	0	783.955817409581	435.4555547933	58.3945692180531	45326.5495099702	24025.7736189072	2759.7022742398	0	0	0	0	0	0	0	0	0	79.8644109892386	44.5239354642073	6.04263814712098	3853.56083240599	3118.95721578064	1328.46689006049	0	0	0	0	0	0	0	0	0	0.0286575474279677	0.0186600304708726	0.00368364855983302
47	109744.009413455	54494.9141423351	4302.38576015424	0	0	0	0	0	0	0	0	0	639.181998810954	362.061851766206	51.5453635476027	45326.5003222016	24025.740381808	2759.69540845721	0	0	0	0	0	0	0	0	0	65.9531329017108	37.5800106770973	5.45004742945561	3853.56686132345	3118.96232332328	1328.46837801893	0	0	0	0	0	0	0	0	0	0.0445505488134202	0.0299328957793685	0.00640735475440046
48	109744.071060434	54492.371226148	4300.80416965758	0	0	0	0	0	0	0	0	0	639.224986832412	364.680737037408	53.1460269965843	45326.4786116446	24025.7264100347	2759.69243876685	0	0	0	0	0	0	0	0	0	66.7537410547716	38.3803113144517	5.72699283662938	3853.58452250475	3118.97070851254	1328.46851847301	0	0	0	0	0	0	0	0	0	0.0623046333436458	0.0419311323973375	0.00901450188857428
49	109744.910099589	54503.0807222131	4306.89498445504	0	0	0	0	0	0	0	0	0	638.588173271536	354.041102524791	47.0461549996627	45326.3570615643	24025.651313624	2759.67841256279	0	0	0	0	0	0	0	0	0	64.676502374797	35.95502582863	4.82144738944167	3853.60169300635	3118.98438325052	1328.47145387163	0	0	0	0	0	0	0	0	0	0.0166243229328042	0.010896962992127	0.00219245949609583
50	109700.097081838	54481.1118497805	4304.89015985575	0	0	0	0	0	0	0	0	0	683.207525183056	375.879402087914	49.0229862750471	45326.5022543544	24025.7454662745	2759.69792585319	0	0	0	0	0	0	0	0	0	69.4916674575975	38.3668042831645	5.06324002069444	3853.5761441425	3118.96737972554	1328.46894533515	0	0	0	0	0	0	0	0	0	0.0274083648340644	0.0177703914375891	0.00347287119047422
51	109719.72806642	54483.2267665187	4300.86868599769	0	0	0	0	0	0	0	0	0	663.467679113675	373.738583824951	53.0583388230729	45326.4992891313	24025.7407780357	2759.69594314617	0	0	0	0	0	0	0	0	0	67.8871436365272	38.4148899697971	5.53030172428585	3853.61542271732	3118.99265680027	1328.47362004758	0	0	0	0	0	0	0	0	0	0.026522001653507	0.017743686606313	0.00377019590666729
52	109680.579296667	54462.7957005607	4299.25515978537	0	0	0	0	0	0	0	0	0	703.076604122617	394.428201542523	54.705291143769	45326.4655207396	24025.7197912615	2759.69227952866	0	0	0	0	0	0	0	0	0	72.0440817088692	40.6068617950667	5.71628269925962	3853.58196462706	3118.97093748897	1328.46947130911	0	0	0	0	0	0	0	0	0	0.0352932977830769	0.023203375675403	0.00470077154078914
53	109697.957713713	54464.5759495444	4295.65007485998	0	0	0	0	0	0	0	0	0	685.636728341126	392.652759832442	58.3294174876292	45326.4311476021	24025.6983341188	2759.68837796909	0	0	0	0	0	0	0	0	0	70.5824169304864	40.6261446107694	6.12513522866238	3853.54724978823	3118.94844920741	1328.46533905583	0	0	0	0	0	0	0	0	0	0.0340461392509193	0.0228645214410933	0.00490782512952856
54	109686.553341535	54466.7032363366	4299.56887341289	0	0	0	0	0	0	0	0	0	697.196282565317	390.563525020022	54.3956309941963	45326.5177156012	24025.7507300556	2759.69719821074	0	0	0	0	0	0	0	0	0	70.6547007890121	39.6901388285169	5.57607359754054	3853.61822397384	3118.99463421199	1328.47414603893	0	0	0	0	0	0	0	0	0	0.0124348108638302	0.0081744331630462	0.00166542591848645
55	109718.471950038	54460.2996111279	4289.58081674185	0	0	0	0	0	0	0	0	0	665.415147797212	397.180304437428	64.4683753988235	45326.3461324607	24025.6446931509	2759.67707835627	0	0	0	0	0	0	0	0	0	70.0576497698992	42.0984016594522	6.96302552918505	3853.56847978684	3118.95967438705	1328.46506332136	0	0	0	0	0	0	0	0	0	0.0515204055726329	0.0349925267116937	0.00767947431726843
56	109731.175420895	54472.7440524292	4294.05856259457	0	0	0	0	0	0	0	0	0	652.539548177569	384.605354854492	59.9528803251854	45326.3849010373	24025.6678084466	2759.68237545971	0	0	0	0	0	0	0	0	0	68.4199969583037	40.5955947375775	6.45347483240998	3853.59248027888	3118.97867963258	1328.47136614173	0	0	0	0	0	0	0	0	0	0.0624475619795682	0.0419124794174759	0.00891912898980856
57	109735.113989725	54481.0425493976	4296.8997436569	0	0	0	0	0	0	0	0	0	648.35602522997	376.131156404145	57.0755268814548	45326.4890597697	24025.7337202173	2759.69436796095	0	0	0	0	0	0	0	0	0	67.4136963501623	39.3477225585204	6.07800422345174	3853.57551012824	3118.967063377	1328.46885227357	0	0	0	0	0	0	0	0	0	0.0519863503905533	0.0345482239759911	0.00719640602541804
58	109667.6946327	54459.2670151538	4300.06489033619	0	0	0	0	0	0	0	0	0	715.705263488609	397.78356506734	53.8594546146183	45326.5549960754	24025.7809538128	2759.70556941907	0	0	0	0	0	0	0	0	0	72.7860046070643	40.5946958130284	5.55886017892031	3853.60727746391	3118.98839864756	1328.47340702581	0	0	0	0	0	0	0	0	0	0.0228033385063865	0.0149946329605697	0.00304310734385748
59	109599.579872844	54408.7610712266	4287.3635691094	0	0	0	0	0	0	0	0	0	784.744293150375	448.900440068833	66.6884967118977	45326.4121295728	24025.680001578	2759.68191818384	0	0	0	0	0	0	0	0	0	82.8261647691091	47.8268373898131	7.30280947572874	3853.53373152528	3118.9386865233	1328.46286339927	0	0	0	0	0	0	0	0	0	0.0869097274059779	0.058676595031838	0.012743815887971
60	109714.91801213	54491.5124298265	4306.99166067482	0	0	0	0	0	0	0	0	0	667.998018448247	365.245983253035	46.8865663096938	45326.6794801261	24025.8497582926	2759.71155048288	0	0	0	0	0	0	0	0	0	67.4528098672509	36.9604390256745	4.77913944872875	3853.60436920749	3118.98580304582	1328.4724223246	0	0	0	0	0	0	0	0	0	0.0149483805544583	0.00962864513394128	0.00185066728937196
61	109786.134276504	54500.3144391888	4296.40362559472	0	0	0	0	0	0	0	0	0	597.103331728967	356.773920127122	57.576454683497	45326.5917106969	24025.796292747	2759.70425442136	0	0	0	0	0	0	0	0	0	62.2047554858058	37.3677520308533	6.12455678801275	3853.48624196346	3118.90674091871	1328.45643192655	0	0	0	0	0	0	0	0	0	0.035417462612647	0.0241191310792977	0.00531612891065359
62	109614.352055886	54422.4946846445	4292.78973149522	0	0	0	0	0	0	0	0	0	769.526395194128	434.865014193854	61.1923400280144	45326.4561385023	24025.713078095	2759.69055193351	0	0	0	0	0	0	0	0	0	79.2248365556972	45.0090754758596	6.44075550224916	3853.61108033388	3118.99219383164	1328.47478049044	0	0	0	0	0	0	0	0	0	0.0442865160807362	0.0293720948916215	0.0060906885630026
63	109668.99479811	54451.6204019108	4296.1082059288	0	0	0	0	0	0	0	0	0	714.486419065711	405.520013278758	57.8459163315032	45326.5407518363	24025.7645291469	2759.69889801353	0	0	0	0	0	0	0	0	0	74.2111342260296	42.400216319459	6.17381406118534	3853.6080206862	3118.98923309643	1328.47374661993	0	0	0	0	0	0	0	0	0	0.0658881444281298	0.04343008873806	0.0088514916263798
64	109651.780973777	54448.706028057	4298.41175978095	0	0	0	0	0	0	0	0	0	731.999296941974	408.579740418928	55.5531952175559	45326.4787757589	24025.7247606304	2759.69144631413	0	0	0	0	0	0	0	0	0	74.8599110897949	41.9674114925987	5.78793946641336	3853.5858636667	3118.97462094759	1328.47085850195	0	0	0	0	0	0	0	0	0	0.0371364094833644	0.0244857614909832	0.0050058636587079
65	109633.10753918	54433.9877771731	4294.45387277165	0	0	0	0	0	0	0	0	0	750.86868510408	423.4368486829	59.5450723101885	45326.2630600858	24025.5926933631	2759.66803820465	0	0	0	0	0	0	0	0	0	76.9369452917185	43.5911226002231	6.22168369285567	3853.61895552194	3118.99430933088	1328.47271021638	0	0	0	0	0	0	0	0	0	0.0299982433748664	0.0200898602202533	0.00426682228198572
66	109714.054553709	54473.6270983912	4297.07600864328	0	0	0	0	0	0	0	0	0	669.399290172364	383.512563065672	56.8857523997904	45326.3871082044	24025.6704277542	2759.68332704068	0	0	0	0	0	0	0	0	0	68.4909949626167	39.3964443427264	5.91214416479993	3853.61847044785	3118.99824962913	1328.47670307321	0	0	0	0	0	0	0	0	0	0.0216415327507405	0.0143256833470465	0.0029675388502324
67	109689.835621851	54476.4745257605	4304.55324737061	0	0	0	0	0	0	0	0	0	693.4839359151	380.52058275823	49.3591113895724	45326.5053941518	24025.7456680924	2759.69739567609	0	0	0	0	0	0	0	0	0	70.6726586602618	38.9277555895634	5.1148493934333	3853.58123419045	3118.97129682665	1328.46994827837	0	0	0	0	0	0	0	0	0	0.0366964074220388	0.0237190941191243	0.00460278670276945
68	109698.49330169	54454.1892008019	4291.07359881883	0	0	0	0	0	0	0	0	0	684.882640269446	402.948284052424	62.9012188213163	45326.4212795394	24025.6891561662	2759.68544247913	0	0	0	0	0	0	0	0	0	70.7535477288097	41.8219510750265	6.61732662073096	3853.62933690602	3119.00606229521	1328.47844438012	0	0	0	0	0	0	0	0	0	0.028817136731527	0.0193161861308234	0.00410630877967216
69	109667.948141218	54454.2619962748	4297.60511952168	0	0	0	0	0	0	0	0	0	715.677200935684	402.958431854336	56.360913115336	45326.4756401753	24025.7222486315	2759.69046641955	0	0	0	0	0	0	0	0	0	74.2199584414542	42.0759989499348	6.01411544393703	3853.53945306484	3118.943739708	1328.46464575919	0	0	0	0	0	0	0	0	0	0.0618012433043203	0.0412520858056903	0.00869746619974027
70	109726.141833317	54466.573683285	4291.38317439509	0	0	0	0	0	0	0	0	0	657.676760912659	390.848942992116	62.6467752886393	45326.4723566266	24025.7233637216	2759.69257870035	0	0	0	0	0	0	0	0	0	69.6868314585604	41.7363755555684	6.83887745873589	3853.60479348413	3118.98741198892	1328.47331805169	0	0	0	0	0	0	0	0	0	0.070468669765251	0.047742111162252	0.0104145455925622
71	109693.772120862	54471.6873375586	4300.90589611406	0	0	0	0	0	0	0	0	0	689.53668035911	385.327808170185	53.0202479709408	45326.5096544537	24025.746730985	2759.69703346184	0	0	0	0	0	0	0	0	0	69.9604679339831	39.2116551722788	5.44700215313695	3853.62150553309	3118.99721112563	1328.47491630562	0	0	0	0	0	0	0	0	0	0.0164679349239217	0.0108738514494235	0.00223274965876386
72	109642.012359164	54446.2872870654	4298.84527539086	0	0	0	0	0	0	0	0	0	741.330717398846	410.732571627474	55.0760145501734	45326.5059812725	24025.750436977	2759.70023064444	0	0	0	0	0	0	0	0	0	76.2682431092952	42.4951087353875	5.80414313115142	3853.61437613785	3118.9899984991	1328.47211255845	0	0	0	0	0	0	0	0	0	0.0562526665526597	0.0370471125755204	0.00756285753129793
73	109691.41287438	54447.4023072822	4287.71588801762	0	0	0	0	0	0	0	0	0	692.34049168792	409.977733287742	66.3116250205143	45326.544332619	24025.7661515693	2759.69892838861	0	0	0	0	0	0	0	0	0	73.3244905247038	43.7698392238118	7.23473296606502	3853.58961780943	3118.97638710714	1328.47070289838	0	0	0	0	0	0	0	0	0	0.0630120454430676	0.042842276534463	0.00944760934884608
74	109734.050124059	54495.3346211817	4304.77424308873	0	0	0	0	0	0	0	0	0	649.639206407436	361.892376670243	49.1798759730636	45326.4449899014	24025.707417604	2759.69045170655	0	0	0	0	0	0	0	0	0	65.8218787745714	36.7684929189872	5.04157637692912	3853.60923432864	3118.98936549745	1328.47347362266	0	0	0	0	0	0	0	0	0	0.0159381276398644	0.0104460018310996	0.00210840437917611
75	109629.17856842	54423.7508417621	4288.95698298212	0	0	0	0	0	0	0	0	0	754.900047251802	433.772110243515	65.0744743124962	45326.4406789406	24025.6981159773	2759.68518072259	0	0	0	0	0	0	0	0	0	79.3704702852657	46.0001282274887	7.07535157333107	3853.55441630026	3118.95341431024	1328.46631868753	0	0	0	0	0	0	0	0	0	0.0773945415123708	0.0523727632637821	0.0114329545902247
76	109724.212829233	54460.145267587	4287.44203249239	0	0	0	0	0	0	0	0	0	659.695360304861	397.366033397913	66.6212005502698	45326.4551096154	24025.7075531652	2759.68690412349	0	0	0	0	0	0	0	0	0	70.8117229614156	43.018675475102	7.37743197518296	3853.55607527844	3118.95412647076	1328.46636282955	0	0	0	0	0	0	0	0	0	0.0819140539553184	0.0558756476776814	0.0124070496434671
77	109657.80961872	54456.2345360444	4300.91745249626	0	0	0	0	0	0	0	0	0	725.878815694252	400.974036795597	53.0266311210889	45326.4658672156	24025.7203499051	2759.69260125049	0	0	0	0	0	0	0	0	0	73.6751849900471	40.8245407388415	5.45471009213029	3853.63520382777	3119.00646691293	1328.47675344619	0	0	0	0	0	0	0	0	0	0.0216829925689772	0.0140994623051758	0.00277723609624086
78	109733.345314556	54487.5407437325	4300.27255132776	0	0	0	0	0	0	0	0	0	650.116678300534	369.600928921766	53.6895237171573	45326.4504014466	24025.7103685245	2759.69046958116	0	0	0	0	0	0	0	0	0	67.5129695949454	38.6506179855172	5.73422294681222	3853.54305772249	3118.94572428132	1328.46468222104	0	0	0	0	0	0	0	0	0	0.0494379064054272	0.0332623865815516	0.00715484892811616
79	109723.494053543	54483.8178565414	4301.1829593732	0	0	0	0	0	0	0	0	0	660.06443164636	373.376150016498	52.784669560845	45326.2831222127	24025.6053935138	2759.67048689574	0	0	0	0	0	0	0	0	0	68.2103692175548	38.8234494559345	5.59671913478692	3853.61904447234	3118.99402891164	1328.47243892009	0	0	0	0	0	0	0	0	0	0.0466207555726204	0.0311995549564655	0.00660437605061628
80	109732.939561859	54493.5936055611	4304.0312558102	0	0	0	0	0	0	0	0	0	650.45413128507	363.469672199706	49.90126686165	45326.4987180701	24025.7449265797	2759.69875678888	0	0	0	0	0	0	0	0	0	66.4998164491948	37.324464692811	5.19763829440652	3853.58796570943	3118.97492582327	1328.47035757043	0	0	0	0	0	0	0	0	0	0.030948691390429	0.0204321685945896	0.00419601993496574
81	109666.602370611	54462.3793118432	4302.13358062482	0	0	0	0	0	0	0	0	0	716.742627327227	394.633072927601	51.7824483022069	45326.4733450182	24025.7259709331	2759.69409863082	0	0	0	0	0	0	0	0	0	72.4689373169039	39.9969811818496	5.29100404437238	3853.62349809604	3118.99794715932	1328.47468638045	0	0	0	0	0	0	0	0	0	0.013942241468275	0.0091597734719783	0.00185819625390995
82	109735.001770677	54484.8440415076	4298.51736880242	0	0	0	0	0	0	0	0	0	648.0657037436	372.071201131428	55.4106825817695	45326.5997417757	24025.8027484909	2759.70653276104	0	0	0	0	0	0	0	0	0	65.8858237956451	37.93794694991	5.69867897815941	3853.5959936529	3118.97966083277	1328.47098082838	0	0	0	0	0	0	0	0	0	0.00990266204466696	0.00659524084906123	0.00138554054027792
83	109763.214238615	54504.1523929991	4303.96960697311	0	0	0	0	0	0	0	0	0	620.290211315074	353.010990622878	49.9876361903148	45326.4573930179	24025.7141697703	2759.69081694453	0	0	0	0	0	0	0	0	0	63.486219855934	36.2802491877908	5.20579322899396	3853.55133528368	3118.95264514467	1328.4669511806	0	0	0	0	0	0	0	0	0	0.0302581103558439	0.0198447804851294	0.00397962838018435
84	109709.293878398	54473.2769325927	4298.13332374555	0	0	0	0	0	0	0	0	0	674.183308550499	383.879646439666	55.8329705801395	45326.4206531555	24025.6869144865	2759.6840021516	0	0	0	0	0	0	0	0	0	69.3148233764047	39.66750311334	5.85806562550219	3853.57288458847	3118.96416951939	1328.46795184961	0	0	0	0	0	0	0	0	0	0.032606707334109	0.0217739307380636	0.00459615767251383
85	109650.106686187	54434.4014897968	4290.29662615031	0	0	0	0	0	0	0	0	0	733.672851261558	422.946906808598	63.7080971691856	45326.4787633696	24025.7250233105	2759.68963252923	0	0	0	0	0	0	0	0	0	75.7879273634457	43.9295190908749	6.72316395608803	3853.55033057011	3118.94944145061	1328.46498417835	0	0	0	0	0	0	0	0	0	0.0351668661402566	0.023712748277359	0.00513021805032497
86	109612.422068547	54416.4415051987	4288.9893357515	0	0	0	0	0	0	0	0	0	771.435242222995	440.934493939052	65.0111931419684	45326.4442883586	24025.7056195217	2759.68928566835	0	0	0	0	0	0	0	0	0	80.8109952975812	46.5580411376258	7.02752231724055	3853.59517971671	3118.97826467497	1328.47011236616	0	0	0	0	0	0	0	0	0	0.0789415272123924	0.052875243172337	0.0112654932027088
87	109678.005694725	54473.8799025309	4306.23310370455	0	0	0	0	0	0	0	0	0	705.263979707536	383.069859373162	47.66478571484	45326.5359668997	24025.7597814833	2759.69751801653	0	0	0	0	0	0	0	0	0	71.3822835862615	38.8649634907219	4.87600937872384	3853.60605420627	3118.98915305026	1328.47423318618	0	0	0	0	0	0	0	0	0	0.0287021793743394	0.018145575755805	0.00330811254605081
88	109611.001820991	54420.1931552576	4291.98927683906	0	0	0	0	0	0	0	0	0	772.738895686688	437.089399519005	61.9831721693716	45326.5305268647	24025.7637103627	2759.70141251627	0	0	0	0	0	0	0	0	0	79.8466129754256	45.4382323329221	6.56685563175728	3853.54811411038	3118.95036834137	1328.46629811479	0	0	0	0	0	0	0	0	0	0.0540050013538359	0.036191485703245	0.00770456341013017
89	109675.353005832	54463.0230223136	4300.68487815572	0	0	0	0	0	0	0	0	0	708.130615749238	394.083681152245	53.2502282399206	45326.5114359116	24025.753606976	2759.70057431083	0	0	0	0	0	0	0	0	0	72.9846483234106	40.8542627377021	5.62584223194696	3853.59191848308	3118.97766229025	1328.47079033715	0	0	0	0	0	0	0	0	0	0.0570676029012395	0.0374072157156303	0.00752062908902317
90	109803.643234732	54509.13692098	4296.0528268242	0	0	0	0	0	0	0	0	0	579.344440755683	347.80266454236	57.9074835514335	45326.5004694455	24025.7392188582	2759.69441638728	0	0	0	0	0	0	0	0	0	60.702720701758	36.6538730529546	6.19735713180754	3853.58958453271	3118.97602956052	1328.47050107192	0	0	0	0	0	0	0	0	0	0.0409544236917627	0.0278849739888665	0.00617362490998499
91	109788.672567426	54508.3350945926	4299.42846743893	0	0	0	0	0	0	0	0	0	594.775845980071	348.845580781584	54.5556784695658	45326.4138580659	24025.6877749901	2759.68684276453	0	0	0	0	0	0	0	0	0	61.6432233397343	36.3514395182754	5.77359678529392	3853.60853413218	3118.98755075017	1328.47232354628	0	0	0	0	0	0	0	0	0	0.0330292722548344	0.0222795481222913	0.00482029726644119
92	109736.147732526	54492.9737803891	4302.49338353505	0	0	0	0	0	0	0	0	0	647.550054023751	364.281826036629	51.4781346234606	45326.5068309303	24025.743440969	2759.69515145446	0	0	0	0	0	0	0	0	0	67.2534171319962	38.1034701154621	5.50303169946668	3853.55209520793	3118.95108067352	1328.46550816247	0	0	0	0	0	0	0	0	0	0.0640863751199167	0.0421798075690819	0.00859135553804732
93	109656.04231485	54446.4204061669	4295.27397170121	0	0	0	0	0	0	0	0	0	727.939559135128	411.011557166244	58.7294537719686	45326.404594126	24025.6774281598	2759.68249390143	0	0	0	0	0	0	0	0	0	76.6973904847335	43.7239898498213	6.43301316990389	3853.56956675966	3118.96312959276	1328.46806035062	0	0	0	0	0	0	0	0	0	0.102548261078735	0.0683879560189021	0.0143987031392406
94	109672.450977666	54455.1523530476	4297.25626602683	0	0	0	0	0	0	0	0	0	711.002558389306	401.964856207986	56.6910000463592	45326.4726033689	24025.7239572907	2759.69290967054	0	0	0	0	0	0	0	0	0	73.0945903725768	41.5369431478716	5.95414556217819	3853.62465658576	3119.00029150977	1328.47597060477	0	0	0	0	0	0	0	0	0	0.041829392075797	0.0278675535141429	0.00583854612787629
95	109734.715598991	54488.5556871211	4300.84118307925	0	0	0	0	0	0	0	0	0	648.345631529121	368.348387015709	53.0835460862769	45326.442998948	24025.7014686103	2759.68509435783	0	0	0	0	0	0	0	0	0	65.9307876171368	37.5757286447331	5.46748072065411	3853.6179145108	3118.99399318762	1328.47384536992	0	0	0	0	0	0	0	0	0	0.0149586213085912	0.00992359632947713	0.00206390804142247
96	109716.951643956	54468.3054173542	4294.28991539371	0	0	0	0	0	0	0	0	0	666.704295126983	388.985513170085	59.7062259087026	45326.4520026789	24025.7131072547	2759.69191904302	0	0	0	0	0	0	0	0	0	69.7661604628837	40.9906638699242	6.42208598105176	3853.60964269848	3118.98761237374	1328.47197733469	0	0	0	0	0	0	0	0	0	0.0571313437912166	0.0385543719176976	0.00832195746275783
97	109631.207525815	54424.8046340418	4290.26992729835	0	0	0	0	0	0	0	0	0	752.341679971489	432.39842555451	63.7029411369388	45326.5012806272	24025.7416394988	2759.69554592347	0	0	0	0	0	0	0	0	0	78.3145104985007	45.3087702274234	6.81036583110415	3853.60700081979	3118.98563533847	1328.47155508673	0	0	0	0	0	0	0	0	0	0.0613815090532176	0.0410005328785158	0.00864915569534559
98	109603.675751672	54401.5481467327	4283.59146049992	0	0	0	0	0	0	0	0	0	780.600148661088	456.119801850733	70.4722785320768	45326.4325004066	24025.6943431219	2759.68295794477	0	0	0	0	0	0	0	0	0	81.7422475029475	48.0980833599236	7.58276661469422	3853.57368224748	3118.96528675189	1328.46835744327	0	0	0	0	0	0	0	0	0	0.0586615978017636	0.039615309647339	0.00857463193854285
99	109681.035876212	54468.5154921214	4302.14471559037	0	0	0	0	0	0	0	0	0	702.327978474894	388.523841685754	51.7814278774872	45326.4369515423	24025.7003934544	2759.68819252042	0	0	0	0	0	0	0	0	0	72.7394441878189	40.5133061851527	5.52037047649329	3853.60147162824	3118.98748115804	1328.47444895555	0	0	0	0	0	0	0	0	0	0.0832701727616652	0.0542864991255888	0.0107767972517632
100	109741.105844921	54496.7866209924	4303.65311335805	0	0	0	0	0	0	0	0	0	642.213060407355	360.243426696247	50.2791925962976	45326.4443854947	24025.713412795	2759.69411372123	0	0	0	0	0	0	0	0	0	65.4487070384872	36.8468082852153	5.2012738727567	3853.56026804205	3118.95627397481	1328.46644337182	0	0	0	0	0	0	0	0	0	0.0238021362394384	0.0154927094585156	0.003069138896465
101	109688.585569348	54480.0198755822	4306.570468112	0	0	0	0	0	0	0	0	0	694.580934683112	376.857082956056	47.3129723838446	45326.612071884	24025.8145988505	2759.71059321225	0	0	0	0	0	0	0	0	0	70.2737578800474	38.2214720178568	4.83862106382238	3853.62636241641	3119.00232449579	1328.47672435373	0	0	0	0	0	0	0	0	0	0.0231320134816332	0.0147001875955878	0.00272755936921218
102	109700.98841172	54465.3201781275	4295.93838781018	0	0	0	0	0	0	0	0	0	682.565870971966	391.881155119624	58.0333509738955	45326.5304438366	24025.7632814042	2759.70126048656	0	0	0	0	0	0	0	0	0	70.2926912212699	40.5627771134877	6.09904798052501	3853.57540724983	3118.9649511252	1328.46748909533	0	0	0	0	0	0	0	0	0	0.0345124391276274	0.0231960662676577	0.00497540276121194
103	109672.405836365	54460.9195292048	4300.1565531535	0	0	0	0	0	0	0	0	0	711.257617502251	396.292657953713	53.7951869220995	45326.5154196564	24025.7551796256	2759.70047947045	0	0	0	0	0	0	0	0	0	73.0353177140886	40.905366769557	5.64720504852696	3853.55747816912	3118.95463424121	1328.46616721667	0	0	0	0	0	0	0	0	0	0.0494536154936727	0.0325068249196462	0.00657789453043641
104	109719.888846333	54470.1425033276	4294.78985284404	0	0	0	0	0	0	0	0	0	663.689358083381	387.108728497869	59.204189836845	45326.3308320958	24025.6369959082	2759.67652456225	0	0	0	0	0	0	0	0	0	69.3787656497303	40.7473296683784	6.36089072164287	3853.60787855438	3118.9866771981	1328.47100372526	0	0	0	0	0	0	0	0	0	0.0514649507092436	0.0348274390579193	0.00757208281767521
105	109697.635600263	54457.1268445326	4291.58523793621	0	0	0	0	0	0	0	0	0	685.970950783181	400.139439863386	62.4127751842044	45326.3978990426	24025.6742229927	2759.68270527307	0	0	0	0	0	0	0	0	0	70.7569939169902	41.4739514431075	6.55650107440028	3853.60379067624	3118.98559655157	1328.47260159219	0	0	0	0	0	0	0	0	0	0.0251483074841774	0.0169737164019842	0.00368342061153513
106	109604.22984049	54429.7832948567	4298.26628127683	0	0	0	0	0	0	0	0	0	779.434762349743	427.406690964501	55.6748996608805	45326.4380623304	24025.7029038554	2759.68937399789	0	0	0	0	0	0	0	0	0	79.6423544901256	43.8594921030664	5.79472621451507	3853.58625998447	3118.97480771768	1328.47073717322	0	0	0	0	0	0	0	0	0	0.0489693118980526	0.0316245321763665	0.00613729529581233
107	109696.71087821	54455.8047152334	4291.73824161062	0	0	0	0	0	0	0	0	0	686.861230078326	401.445341224704	62.258884360885	45326.4900033963	24025.7325223128	2759.69103858284	0	0	0	0	0	0	0	0	0	72.3840801325593	42.6355271184729	6.76024070386518	3853.59859445718	3118.98096647822	1328.47097127032	0	0	0	0	0	0	0	0	0	0.0771750186690467	0.0516463993565296	0.0109550482266894
108	109739.75985902	54488.4856792665	4299.28313528926	0	0	0	0	0	0	0	0	0	643.41445935032	368.49300358026	54.6551002715133	45326.4516009945	24025.7118681589	2759.69127848515	0	0	0	0	0	0	0	0	0	65.6375523454122	37.7283088113922	5.65628041022482	3853.6125440747	3118.99103778996	1328.47348225027	0	0	0	0	0	0	0	0	0	0.0157679463768181	0.0106417714073735	0.00230848496985173
109	109724.723299377	54500.2156865555	4309.73465490042	0	0	0	0	0	0	0	0	0	658.347604010652	356.627797612872	44.1508044648025	45326.4467668442	24025.7094424285	2759.69100526165	0	0	0	0	0	0	0	0	0	66.8826240630598	36.3527989588288	4.55406151321067	3853.59378445734	3118.9805140579	1328.47228606085	0	0	0	0	0	0	0	0	0	0.034182146012276	0.0220141148548707	0.00421807011631708
110	109616.451622827	54418.5580578852	4289.01753735556	0	0	0	0	0	0	0	0	0	767.922444337247	439.119506553603	65.0326523583184	45326.4608460542	24025.7155582045	2759.68862994697	0	0	0	0	0	0	0	0	0	80.4117068432207	46.3536636605226	7.02937435597163	3853.58146675679	3118.96960692546	1328.46864587022	0	0	0	0	0	0	0	0	0	0.07280996458303	0.04905697260953	0.0106080717185139
111	109664.771251957	54439.7270961198	4290.23672886386	0	0	0	0	0	0	0	0	0	719.158120330288	417.711328689906	63.7781806106349	45326.4280347787	24025.7017706347	2759.69152273122	0	0	0	0	0	0	0	0	0	73.9546221667223	43.1479019607694	6.67379224966143	3853.61204364624	3118.98987910445	1328.47287088345	0	0	0	0	0	0	0	0	0	0.0234141978264659	0.0156893392524065	0.00334081025400977
112	109761.119197414	54511.4096226603	4307.48694492562	0	0	0	0	0	0	0	0	0	622.232214620581	345.627232556503	46.4409972811662	45326.4434361697	24025.7007081575	2759.68640134716	0	0	0	0	0	0	0	0	0	63.2603528417666	35.2577209005027	4.79005429950046	3853.6349084595	3119.00619506647	1328.47667656793	0	0	0	0	0	0	0	0	0	0.0247634689697172	0.0160740310360623	0.00315499652897557
113	109763.059595549	54502.323177699	4301.75470888513	0	0	0	0	0	0	0	0	0	620.153052328879	354.684849864613	52.1923268452997	45326.3189014213	24025.6301690763	2759.67587725896	0	0	0	0	0	0	0	0	0	63.6733962511633	36.5916875744775	5.46261999560456	3853.59631732686	3118.97891759941	1328.46938004019	0	0	0	0	0	0	0	0	0	0.0277645347400664	0.0186770889483963	0.00401474831813525
114	109694.612308754	54476.0827961426	4302.97206717397	0	0	0	0	0	0	0	0	0	688.778387306521	380.975617521186	50.9602062247578	45326.4888957175	24025.7338115269	2759.69434766205	0	0	0	0	0	0	0	0	0	70.7301061695403	39.3310457420163	5.35296069660234	3853.52956308264	3118.93585977094	1328.46237081742	0	0	0	0	0	0	0	0	0	0.0481340717520944	0.0315003303690185	0.00631509016870292
115	109712.304765867	54477.1139171507	4300.18859545447	0	0	0	0	0	0	0	0	0	671.452702459075	380.194293606079	53.7955203304596	45326.3181823676	24025.62779392	2759.67454197745	0	0	0	0	0	0	0	0	0	69.3388775873321	39.4881571843671	5.68888834057266	3853.59251702813	3118.97610118944	1328.46864699027	0	0	0	0	0	0	0	0	0	0.0529080640473184	0.0346332354011378	0.00694271198940814
116	109786.346467912	54512.8884993212	4302.23309596604	0	0	0	0	0	0	0	0	0	596.7144991797	344.039963263074	51.7035012349384	45326.4817047541	24025.7289958175	2759.69316442946	0	0	0	0	0	0	0	0	0	61.6414359125959	35.7309723551906	5.45449229566855	3853.55632846741	3118.95285723019	1328.46541356784	0	0	0	0	0	0	0	0	0	0.0409453802778498	0.0271899808027441	0.0056626976571703
117	109755.885598376	54510.1096118584	4308.02660921468	0	0	0	0	0	0	0	0	0	626.991810614192	346.657964932812	45.8623877459385	45326.4440762813	24025.7031360714	2759.6876833393	0	0	0	0	0	0	0	0	0	63.7062164838581	35.3388257601801	4.72694962454471	3853.60324879554	3118.98513148982	1328.47249845371	0	0	0	0	0	0	0	0	0	0.0231576704925328	0.0151485806798676	0.00303613659730981
118	109743.279032446	54500.5267958877	4305.63581692426	0	0	0	0	0	0	0	0	0	639.982411680048	356.464652891538	48.2869135983227	45326.4623621518	24025.7175946084	2759.69190978971	0	0	0	0	0	0	0	0	0	64.8422705674529	36.2172879911301	4.95093511157258	3853.57887370324	3118.96897276797	1328.46922722371	0	0	0	0	0	0	0	0	0	0.0152989064244348	0.0100486792300257	0.00203009918474574
119	109750.109090386	54505.3006637205	4306.77337986846	0	0	0	0	0	0	0	0	0	633.105640200007	351.65290611386	47.1390923940928	45326.4372109699	24025.7071794892	2759.69220105703	0	0	0	0	0	0	0	0	0	64.4804782770855	35.9497996875942	4.87910016916898	3853.61464348205	3118.99264138254	1328.47398964884	0	0	0	0	0	0	0	0	0	0.0257111279317702	0.0168445922812238	0.00338235742260068
120	109764.148894656	54510.7107147792	4306.09676077964	0	0	0	0	0	0	0	0	0	619.28793629909	346.385036926178	47.8462109006744	45326.3623846174	24025.6614065269	2759.6823762806	0	0	0	0	0	0	0	0	0	63.1112155437043	35.4325529851335	4.95265867716514	3853.5750538788	3118.96644856864	1328.46871684818	0	0	0	0	0	0	0	0	0	0.0238806360096361	0.0156082529721007	0.00312860816944244
121	109657.321790434	54454.4621271932	4300.41557231384	0	0	0	0	0	0	0	0	0	726.207929560381	402.672938313276	53.5237679357763	45326.4552810638	24025.7142084169	2759.69153456587	0	0	0	0	0	0	0	0	0	75.7736310297973	42.3573968958078	5.78304616437918	3853.58006706849	3118.97080508732	1328.46982234993	0	0	0	0	0	0	0	0	0	0.108781599056562	0.071330649321517	0.0143505156413343
122	109632.55826044	54438.3731472988	4297.24090738628	0	0	0	0	0	0	0	0	0	751.116407678051	418.847395870743	56.7120152150321	45326.486739357	24025.7322447444	2759.69434899107	0	0	0	0	0	0	0	0	0	76.702037488399	42.9485183630925	5.89430850235841	3853.60271908261	3118.98462869292	1328.47215329449	0	0	0	0	0	0	0	0	0	0.0323213819293908	0.0212424577620525	0.00429343935097272
123	109677.103562421	54459.2030348858	4297.44498338374	0	0	0	0	0	0	0	0	0	706.343335396699	397.90391014383	56.5024832289315	45326.5367440428	24025.7666090335	2759.70149104871	0	0	0	0	0	0	0	0	0	72.7891620118071	41.2302151652658	5.9533041829942	3853.61202844148	3118.98783062642	1328.47142890542	0	0	0	0	0	0	0	0	0	0.0514533890833047	0.0339420835387871	0.00698150018944563
124	109730.768184688	54468.8630756183	4291.39963583917	0	0	0	0	0	0	0	0	0	652.905048700557	388.47472811797	62.6187053099754	45326.48166505	24025.7290760506	2759.69314272257	0	0	0	0	0	0	0	0	0	69.2987199113846	41.5546201705274	6.84588860481264	3853.5848172176	3118.97392907841	1328.47062870437	0	0	0	0	0	0	0	0	0	0.0746372729157595	0.050158725424001	0.0107171021337807
125	109670.355676397	54453.1097472586	4296.18321090058	0	0	0	0	0	0	0	0	0	713.274243283394	404.112942126867	57.7834545042507	45326.5519119932	24025.7712907086	2759.70023243832	0	0	0	0	0	0	0	0	0	73.4359677055637	41.8335297657768	6.08367160487092	3853.62594413211	3119.00015491897	1328.47533326587	0	0	0	0	0	0	0	0	0	0.0378701139918787	0.0253996520407311	0.00541963885659613
126	109634.070735115	54426.483038325	4289.64227913386	0	0	0	0	0	0	0	0	0	749.640125178878	430.815023193693	64.3482486258488	45326.4756363884	24025.722762882	2759.69103181154	0	0	0	0	0	0	0	0	0	77.763098528693	44.967508925579	6.83960794021263	3853.59701535976	3118.98315762194	1328.47292894488	0	0	0	0	0	0	0	0	0	0.0495039761494728	0.0333120854406781	0.00717305657761328
127	109738.654848626	54489.2148509664	4299.83215185136	0	0	0	0	0	0	0	0	0	644.747042611948	367.887502560183	54.1227023876473	45326.4950014608	24025.7367445296	2759.69466425083	0	0	0	0	0	0	0	0	0	65.895470005182	37.7468000200323	5.61751822477191	3853.62360074844	3118.99853511802	1328.47499291288	0	0	0	0	0	0	0	0	0	0.0223868826903706	0.0148699067029017	0.00311084830928482
128	109694.008671606	54472.1313109196	4300.57956557318	0	0	0	0	0	0	0	0	0	689.781295429968	385.163706177761	53.3920736665785	45326.44963023	24025.7099612218	2759.69044327365	0	0	0	0	0	0	0	0	0	71.2777902129742	40.045952047353	5.65781610028542	3853.5632554209	3118.95930294108	1328.46754824548	0	0	0	0	0	0	0	0	0	0.0640494856303813	0.041885594808274	0.00842981144938472
129	109640.323235907	54436.2703437881	4294.33944088059	0	0	0	0	0	0	0	0	0	743.160361055798	420.864936777973	59.6107679152742	45326.5070343709	24025.7470404195	2759.69764891624	0	0	0	0	0	0	0	0	0	75.9341525107338	43.1738904312714	6.19183307676129	3853.5973010729	3118.9812451013	1328.47162608561	0	0	0	0	0	0	0	0	0	0.026730164610905	0.0177038636383104	0.00365682376763498
130	109748.727656524	54499.2307336166	4303.16611804584	0	0	0	0	0	0	0	0	0	634.130939102608	357.546340499578	50.7344893536203	45326.4388520782	24025.6989252726	2759.68663037098	0	0	0	0	0	0	0	0	0	64.8219096475794	36.7010114189249	5.27464888681017	3853.63482074705	3119.00648726138	1328.47693550784	0	0	0	0	0	0	0	0	0	0.0286733314962901	0.0189472996271293	0.00390953276675824
131	109696.938484263	54461.1229889495	4294.20760712457	0	0	0	0	0	0	0	0	0	686.764059270853	396.182322278256	59.790739052572	45326.3379952434	24025.6399535323	2759.676546316	0	0	0	0	0	0	0	0	0	70.4203622430113	40.7975987822951	6.23344093786201	3853.56983013596	3118.96151957117	1328.46607014341	0	0	0	0	0	0	0	0	0	0.0213387890426312	0.0142950893657377	0.00304378579185505
132	109692.280505212	54470.2917889023	4301.10722169591	0	0	0	0	0	0	0	0	0	690.937216667469	386.675000752514	52.8118678912708	45326.5243379644	24025.752032784	2759.6955825073	0	0	0	0	0	0	0	0	0	71.0041353812457	39.9342354723525	5.54177576484383	3853.62308224752	3119.00073477294	1328.4768378911	0	0	0	0	0	0	0	0	0	0.0515800681900593	0.0332593148543813	0.0064063696540922
133	109631.905087684	54450.9991250697	4303.98746616221	0	0	0	0	0	0	0	0	0	751.466535414232	405.996118781075	49.912847800061	45326.54654691	24025.7708460047	2759.70141614298	0	0	0	0	0	0	0	0	0	75.7186799958472	40.9735847330347	5.06516273064705	3853.5844729228	3118.97348389266	1328.47046429919	0	0	0	0	0	0	0	0	0	0.014883232939936	0.00941991856854764	0.00172663072664399
134	109716.227410777	54483.8127358666	4302.33229401905	0	0	0	0	0	0	0	0	0	666.972256879484	373.145349396996	51.5884223541385	45326.4504168847	24025.7080129855	2759.68930762536	0	0	0	0	0	0	0	0	0	67.9172222387297	38.1287882628173	5.32903938119254	3853.64947044111	3119.01478018914	1328.47789346758	0	0	0	0	0	0	0	0	0	0.0255387404133308	0.0166197193249654	0.00329632446519151
135	109590.538916947	54412.5090140323	4291.98167898146	0	0	0	0	0	0	0	0	0	793.652310896256	445.020129365263	62.0255472343812	45326.4511761224	24025.705776483	2759.68736877202	0	0	0	0	0	0	0	0	0	82.0775764153915	46.3129155583527	6.58278455018511	3853.60256684029	3118.98531441715	1328.47261294285	0	0	0	0	0	0	0	0	0	0.0603112734563585	0.0398041321382638	0.00818125410724497
136	109661.346231372	54457.2776159227	4301.37387595581	0	0	0	0	0	0	0	0	0	722.324093954651	399.930909000825	52.571612817628	45326.456760273	24025.7122853127	2759.68975829165	0	0	0	0	0	0	0	0	0	73.8426272259946	41.0562343894431	5.47290774089486	3853.59095640386	3118.98032497872	1328.47304507219	0	0	0	0	0	0	0	0	0	0.0471619810854093	0.0302832978552951	0.0057510326511645
137	109673.522114057	54437.7740248374	4287.86904675508	0	0	0	0	0	0	0	0	0	710.56693637591	419.801585270228	66.1850071057968	45326.3860895241	24025.6673760357	2759.68003666535	0	0	0	0	0	0	0	0	0	74.3931284650669	44.2333578887764	7.10370043852289	3853.62321617323	3118.99669321703	1328.4728924373	0	0	0	0	0	0	0	0	0	0.0505365972861133	0.0339789463046468	0.00727155882622012
138	109673.958110587	54431.878081847	4283.03252462646	0	0	0	0	0	0	0	0	0	709.969898391354	425.628745771799	71.0271066288196	45326.3048605753	24025.6232923429	2759.67538512363	0	0	0	0	0	0	0	0	0	75.5126068083498	45.6216318359648	7.76841354388963	3853.60524065358	3118.98382517222	1328.46979436309	0	0	0	0	0	0	0	0	0	0.0616751900100188	0.0421302644488989	0.00940005981017226
139	109717.151008652	54463.0770148556	4290.27405839685	0	0	0	0	0	0	0	0	0	666.578345365379	394.290801320819	63.7554067701979	45326.5005170668	24025.7319729584	2759.68758904726	0	0	0	0	0	0	0	0	0	70.0623632419436	41.7283373147797	6.87226342282388	3853.59192935696	3118.97829911229	1328.47124716677	0	0	0	0	0	0	0	0	0	0.0541870394752408	0.0366546712267829	0.00800362687297184
140	109711.930771344	54471.5883134929	4296.42470447471	0	0	0	0	0	0	0	0	0	671.449785014349	385.524837527863	57.540416503916	45326.4174234024	24025.689920604	2759.68687083074	0	0	0	0	0	0	0	0	0	69.8931645848741	40.4101795959369	6.15578462985249	3853.5724387527	3118.96258449178	1328.46691704437	0	0	0	0	0	0	0	0	0	0.0527547593492613	0.0355964531968542	0.00771623385948152
141	109746.321445086	54484.8193748833	4297.31802995749	0	0	0	0	0	0	0	0	0	637.089362565009	372.32862956069	56.6528846779731	45326.5274089221	24025.7577724005	2759.69849744673	0	0	0	0	0	0	0	0	0	65.8280636628732	38.6614701538105	5.97095746376737	3853.58655499679	3118.97443406277	1328.47041362398	0	0	0	0	0	0	0	0	0	0.0388863726777848	0.0258845046678177	0.0053983297798353
142	109695.922990188	54468.9408569903	4298.45240298527	0	0	0	0	0	0	0	0	0	687.735620981972	388.292867191551	55.5157688181036	45326.4761977151	24025.7258464635	2759.69309317278	0	0	0	0	0	0	0	0	0	69.8773410235778	39.5714429102615	5.709139370136	3853.58205566684	3118.97036948303	1328.46910286665	0	0	0	0	0	0	0	0	0	0.0148450429616905	0.0097001839988459	0.00194731181242868
143	109719.821824863	54477.7771027599	4298.90445219378	0	0	0	0	0	0	0	0	0	663.831664340663	379.472693070791	55.0683724158769	45326.4496668312	24025.7126005988	2759.69259653494	0	0	0	0	0	0	0	0	0	67.621989502998	38.7842454299231	5.68626710554235	3853.61997207403	3118.99409866608	1328.47325672717	0	0	0	0	0	0	0	0	0	0.0167931098899646	0.0111579765779476	0.00232628720516688
144	109732.129107093	54468.4799873089	4289.99653492971	0	0	0	0	0	0	0	0	0	651.718478651945	388.975533489976	64.0526057080775	45326.3577751152	24025.6478599931	2759.6758605171	0	0	0	0	0	0	0	0	0	68.2359185065393	40.9703462955491	6.85431758837835	3853.58784081318	3118.97316284357	1328.46818993396	0	0	0	0	0	0	0	0	0	0.0384184131545703	0.0260730782376984	0.00572873046393018
145	109707.575048459	54466.6733082997	4295.50152462156	0	0	0	0	0	0	0	0	0	675.891951919003	390.496753779742	58.4721822874052	45326.4488234958	24025.7040426802	2759.68682537446	0	0	0	0	0	0	0	0	0	70.5764509179013	41.0584960324424	6.27590354392956	3853.60771155866	3118.9894478887	1328.4738590598	0	0	0	0	0	0	0	0	0	0.064412675296793	0.0429990371425995	0.00906292859755495
146	109703.20973455	54460.2553471776	4292.31798225612	0	0	0	0	0	0	0	0	0	680.598302796536	397.136089685198	61.7036454308247	45326.4211416448	24025.6865008361	2759.68130634521	0	0	0	0	0	0	0	0	0	70.4841254847911	41.3509537583336	6.52320170027868	3853.51964167968	3118.93076577768	1328.46216531163	0	0	0	0	0	0	0	0	0	0.0332388426624536	0.0223511978626908	0.00480636105776194
147	109681.627089839	54465.6119263061	4301.3486088591	0	0	0	0	0	0	0	0	0	701.936588734397	391.556774718884	52.6022667293746	45326.3082078641	24025.6228466946	2759.67423636281	0	0	0	0	0	0	0	0	0	71.7855814697136	40.2198419492539	5.48245774260654	3853.62105111717	3118.99410867243	1328.47188998853	0	0	0	0	0	0	0	0	0	0.0372465308615297	0.024416766753943	0.00487873088600895
148	109731.346691957	54462.577712936	4287.4776100908	0	0	0	0	0	0	0	0	0	652.299826392593	394.778307809326	66.5579332823097	45326.4188933255	24025.6898892622	2759.6862850626	0	0	0	0	0	0	0	0	0	69.5650626269219	42.4114134522475	7.29246826381616	3853.55122815947	3118.95162585306	1328.46614492783	0	0	0	0	0	0	0	0	0	0.0734195490613463	0.0499929477427625	0.0110502247597818
149	109647.679020344	54440.3450221419	4294.13060183712	0	0	0	0	0	0	0	0	0	736.049719702114	416.938332581906	59.8472801342952	45326.4181332423	24025.6875966457	2759.68550197768	0	0	0	0	0	0	0	0	0	76.0799574332844	43.3479438058078	6.3328758267333	3853.60484595253	3118.98758722812	1328.47351414771	0	0	0	0	0	0	0	0	0	0.0580510147942038	0.0381370864469683	0.00774414351758933
150	109679.813636974	54469.2499503964	4303.10111829168	0	0	0	0	0	0	0	0	0	703.394518122732	387.680914222297	50.8005008754082	45326.5623105734	24025.7853383667	2759.70634633461	0	0	0	0	0	0	0	0	0	71.7032824265735	39.6727055606057	5.26614490206874	3853.60463395166	3118.98665872391	1328.47289130651	0	0	0	0	0	0	0	0	0	0.0345973839324825	0.0224786941269257	0.00442253003809346
151	109640.653776547	54434.0159633687	4292.21190253904	0	0	0	0	0	0	0	0	0	743.09751886416	423.297481077368	61.778030894921	45326.4288072882	24025.6955977864	2759.686980621	0	0	0	0	0	0	0	0	0	77.6937003955231	44.6104667557727	6.66794749638378	3853.55279691592	3118.95201190416	1328.4658566276	0	0	0	0	0	0	0	0	0	0.0765398199679228	0.051436966164709	0.0110281973491082
152	109749.138020258	54492.6903017495	4300.34171710499	0	0	0	0	0	0	0	0	0	634.081163860069	364.314864753802	53.5973246336512	45326.5125877558	24025.749804848	2759.69781603585	0	0	0	0	0	0	0	0	0	64.9238368784152	37.4546815970485	5.57907574617889	3853.62164689848	3118.99785015989	1328.47524278518	0	0	0	0	0	0	0	0	0	0.0254236973837729	0.0169006286332872	0.00351662643683649
153	109738.496047657	54493.6219819336	4302.72081914482	0	0	0	0	0	0	0	0	0	645.068734000428	363.563613349633	51.242131652442	45326.3213830426	24025.6303843614	2759.67519110825	0	0	0	0	0	0	0	0	0	66.0550686847085	37.4011533332972	5.34823610093605	3853.61766147179	3118.99433500926	1328.47311738238	0	0	0	0	0	0	0	0	0	0.0286352496101111	0.0190484466564232	0.00398727059169059
154	109737.698479783	54495.7414489926	4304.22504157658	0	0	0	0	0	0	0	0	0	645.460225744318	361.196258602095	49.6930186946628	45326.451868056	24025.7062848976	2759.68757831118	0	0	0	0	0	0	0	0	0	65.3138956136336	36.6408253664335	5.08188488628941	3853.64405817036	3119.0115834	1328.47749696689	0	0	0	0	0	0	0	0	0	0.010544350400101	0.00698673598658205	0.00144667072603996
155	109743.647419007	54487.2265716464	4297.83590747559	0	0	0	0	0	0	0	0	0	639.676313775147	369.852976160376	56.1233208272343	45326.520969748	24025.7541334636	2759.69808518561	0	0	0	0	0	0	0	0	0	65.829248860254	38.2383661696545	5.88006466264682	3853.59401053888	3118.97892690445	1328.47113391924	0	0	0	0	0	0	0	0	0	0.0294004136288407	0.0194944087578735	0.0040515299400007
156	109765.354637925	54495.4094028242	4297.32236818834	0	0	0	0	0	0	0	0	0	617.985798918354	361.701318078369	56.6499996924741	45326.4108941341	24025.682849689	2759.68454123091	0	0	0	0	0	0	0	0	0	63.7631214055928	37.5021750301398	5.95454650844886	3853.63698866539	3119.00908329508	1328.47798421236	0	0	0	0	0	0	0	0	0	0.0252131916332282	0.0170912188916574	0.00374128148493047
157	109706.017093915	54486.1741159632	4306.25975070322	0	0	0	0	0	0	0	0	0	677.391202066601	370.863864838	47.6563171621936	45326.5497867452	24025.7675551911	2759.69867411959	0	0	0	0	0	0	0	0	0	68.5944711587105	37.6601857820683	4.88621258000097	3853.64162523161	3119.00877355659	1328.47629227859	0	0	0	0	0	0	0	0	0	0.0200727569570309	0.0131097237288304	0.00261649830806657
158	109619.89812703	54431.1694735475	4296.03549948094	0	0	0	0	0	0	0	0	0	763.954475095499	426.152758814827	57.9328795711967	45326.5209832337	24025.7567927624	2759.69985107073	0	0	0	0	0	0	0	0	0	78.3071430270531	43.8804099040276	6.05253612212625	3853.52170922548	3118.93186181074	1328.46209921601	0	0	0	0	0	0	0	0	0	0.0477476904131993	0.0307419270524604	0.00589969084126407
159	109678.909318926	54470.8812512174	4304.27189066064	0	0	0	0	0	0	0	0	0	704.513676475883	386.172785631451	49.6505058056971	45326.4949703076	24025.7373972147	2759.69305946994	0	0	0	0	0	0	0	0	0	71.8390213739601	39.5266040789952	5.14661670645674	3853.59838121712	3118.98011924826	1328.47047780102	0	0	0	0	0	0	0	0	0	0.0454402855378106	0.0289489652657626	0.00540498634653186
160	109735.794112619	54493.1356666106	4303.49319776721	0	0	0	0	0	0	0	0	0	647.775456689689	364.039022629163	50.4590294684812	45326.4806532296	24025.7299679501	2759.69430444293	0	0	0	0	0	0	0	0	0	66.4952099455678	37.5543159088097	5.28812681624561	3853.59471492885	3118.97954403783	1328.47127300704	0	0	0	0	0	0	0	0	0	0.0406901140663998	0.0266993678810004	0.00539788573757255
161	109680.369415157	54475.6577299306	4306.11256476805	0	0	0	0	0	0	0	0	0	703.07917328169	381.383213873486	47.7960259883351	45326.54334429	24025.7716036958	2759.70294929683	0	0	0	0	0	0	0	0	0	71.5922812758221	38.9776603320553	4.94601285543552	3853.61751790858	3118.9940087404	1328.47384704783	0	0	0	0	0	0	0	0	0	0.0427803535503781	0.0271742386190851	0.00502070389177333
162	109664.122262695	54467.6213931808	4305.84670021511	0	0	0	0	0	0	0	0	0	719.254202824262	389.381396415896	48.0552552761945	45326.4781055288	24025.7280773031	2759.69401989874	0	0	0	0	0	0	0	0	0	72.8521744637448	39.5429121281205	4.92463218405748	3853.61334983729	3118.99502154967	1328.47592732821	0	0	0	0	0	0	0	0	0	0.0299127831684997	0.0189995401358249	0.00350394941876711
163	109683.916760363	54468.1959610838	4301.20185322293	0	0	0	0	0	0	0	0	0	699.739223453897	389.013446481501	52.7519874782257	45326.4608981295	24025.7155772094	2759.69077063667	0	0	0	0	0	0	0	0	0	71.5240503837675	39.9401462319969	5.49467861092963	3853.58543140372	3118.97306656034	1328.46986012425	0	0	0	0	0	0	0	0	0	0.0348285896352707	0.0230224197289506	0.00474479947703492
164	109684.87852402	54475.4145984532	4305.23039610099	0	0	0	0	0	0	0	0	0	698.278511503435	381.482146034124	48.6657725327391	45326.5076059498	24025.7432973822	2759.69520522917	0	0	0	0	0	0	0	0	0	71.436322874067	39.2075269153691	5.08111669322505	3853.6529376366	3119.01689690503	1328.47818865068	0	0	0	0	0	0	0	0	0	0.0533399838856791	0.0345415573727521	0.00674063396480101
165	109687.152814853	54465.4524240086	4299.54587643697	0	0	0	0	0	0	0	0	0	696.526239800433	391.795936864158	54.4215397703804	45326.4193295162	24025.6867293152	2759.68444628452	0	0	0	0	0	0	0	0	0	71.4860529902273	40.4149416809181	5.70611620738866	3853.6010726929	3118.98390966468	1328.47220040463	0	0	0	0	0	0	0	0	0	0.0375483034686126	0.0251045960270411	0.00530770067745105
166	109711.574869367	54473.9124556985	4298.15254315222	0	0	0	0	0	0	0	0	0	672.065765823093	383.342954070229	55.8312430956942	45326.2397307565	24025.5767126404	2759.66444633857	0	0	0	0	0	0	0	0	0	68.7742217103458	39.3940818091283	5.81139070247484	3853.60733456814	3118.98801181736	1328.47209536585	0	0	0	0	0	0	0	0	0	0.0222149591569116	0.0148759503424136	0.00316330306737031
167	109707.138907375	54478.7739657196	4301.61114875788	0	0	0	0	0	0	0	0	0	676.078937001026	378.19400660483	52.3109326178401	45326.5307873767	24025.7598674556	2759.69907070935	0	0	0	0	0	0	0	0	0	68.8927708038274	38.679365464601	5.41199927158311	3853.59119925718	3118.97702483413	1328.4706583833	0	0	0	0	0	0	0	0	0	0.0252290037326934	0.0165222103680787	0.00333072689432016
168	109708.27581263	54473.059879038	4298.35443230903	0	0	0	0	0	0	0	0	0	675.023732180929	383.986015965334	55.5918901863531	45326.5042622752	24025.741045826	2759.69456668884	0	0	0	0	0	0	0	0	0	70.1443574096986	40.1720126893461	5.93616021267098	3853.58967227592	3118.97505873006	1328.46976286736	0	0	0	0	0	0	0	0	0	0.0601673009796348	0.039914060625658	0.00829504188458448
