S01	S02	S03	E01	E02	E03	I01	I02	I03	Y01	Y02	Y03	R01	R02	R03	S11	S12	S13	E11	E12	E13	I11	I12	I13	Y11	Y12	Y13	R11	R12	R13	S21	S22	S23	E21	E22	E23	I21	I22	I23	Y21	Y22	Y23	R21	R22	R23
1	109601.396655771	54775.2602801772	4855.1657720551	0	0	0	0	0	0	0	0	0	715.138354904816	392.750078117083	50.0573548593397	45805.2297424515	24042.9905555589	2684.05767787518	0	0	0	0	0	0	0	0	0	74.5961585259587	41.1666288274796	5.32469548350907	3672.79498420934	2640.85279214009	773.310041165357	0	0	0	0	0	0	0	0	0	0.0674904260443845	0.0412948823647276	0.00693408135223901
2	109704.537091877	54832.0152625814	4862.72143002827	0	0	0	0	0	0	0	0	0	611.326382746743	335.619999901922	42.4500401088448	45805.3234253092	24043.0436981575	2684.06487789881	0	0	0	0	0	0	0	0	0	63.1803530439386	34.8211584661821	4.45791703268878	3672.81858320773	2640.86797967755	773.312909390991	0	0	0	0	0	0	0	0	0	0.0437589273930854	0.0267497459284137	0.00447183051991206
3	109619.632740645	54795.3440566282	4861.43137371115	0	0	0	0	0	0	0	0	0	696.333417316228	372.294687004846	43.7225403282	45805.3522536295	24043.0622316094	2684.06830494732	0	0	0	0	0	0	0	0	0	70.927859511677	38.0152785759331	4.50057982646701	3672.81752600223	2640.86654562907	773.312339602053	0	0	0	0	0	0	0	0	0	0.0365781955281086	0.0218535202577029	0.00342989652224745
4	109540.252646738	54747.3578090169	4853.83346303735	0	0	0	0	0	0	0	0	0	776.533255473922	420.754736375685	51.3887397790082	45805.2759250971	24043.0141528236	2684.05977506173	0	0	0	0	0	0	0	0	0	79.7460214747294	43.3545823048379	5.35186156673402	3672.85275076234	2640.88998200723	773.317018218789	0	0	0	0	0	0	0	0	0	0.0476742532961298	0.0288543435850711	0.00469921569501649
5	109604.641937286	54786.9448367179	4860.23746132381	0	0	0	0	0	0	0	0	0	711.668729688388	380.879109579433	44.9388355247408	45805.3423420234	24043.0547447463	2684.06660871046	0	0	0	0	0	0	0	0	0	71.772009035478	38.4584728516602	4.55554261429018	3672.812370179	2640.86437220866	773.312406921794	0	0	0	0	0	0	0	0	0	0.0106844562908854	0.00636863283080688	0.00099531246196081
6	109575.037822667	54767.8100643909	4857.00540579869	0	0	0	0	0	0	0	0	0	741.515586812838	400.172069660335	48.1985595336366	45805.1627454633	24042.9530790113	2684.05290086851	0	0	0	0	0	0	0	0	0	76.7171342573129	41.581667929259	5.07868950032476	3672.80337529455	2640.85917423541	773.311620887544	0	0	0	0	0	0	0	0	0	0.0721387883390666	0.0436033620337388	0.00705426039278321
7	109546.062510193	54744.3010254299	4851.34621247216	0	0	0	0	0	0	0	0	0	770.783960903438	423.875476246354	53.8940259215373	45805.2254741662	24042.9883027548	2684.05751667113	0	0	0	0	0	0	0	0	0	78.6862516079682	43.3738497521829	5.55490256589937	3672.85977788743	2640.89381964931	773.317435111556	0	0	0	0	0	0	0	0	0	0.0198096624419386	0.0119538732390598	0.00193163424831857
8	109727.796066314	54838.560647481	4861.04880655306	0	0	0	0	0	0	0	0	0	588.054034105189	329.099946377973	44.1387101497386	45805.2429487536	24043.0013316419	2684.06047863879	0	0	0	0	0	0	0	0	0	60.2988755229661	33.8310750058068	4.57084625885742	3672.732489563	2640.81613570952	773.304711578145	0	0	0	0	0	0	0	0	0	0.0172140820271106	0.0105803733024642	0.0017978455830697
9	109525.319585176	54740.9428418395	4853.6233014449	0	0	0	0	0	0	0	0	0	791.461483328883	427.159940784585	51.5953515164869	45805.28655485	24043.0222784362	2684.06178767748	0	0	0	0	0	0	0	0	0	81.5774762663433	44.201464090107	5.40688106896836	3672.81864182424	2640.86833746035	773.31304348837	0	0	0	0	0	0	0	0	0	0.0588744543825155	0.0358227114625188	0.00591840772242422
10	109610.841082422	54779.4415477901	4855.4085378946	0	0	0	0	0	0	0	0	0	705.645098873666	388.543357962532	49.8112282525038	45805.2523694009	24043.0005585148	2684.05796545143	0	0	0	0	0	0	0	0	0	72.2087904676305	39.8654311746565	5.15202079534252	3672.82383647561	2640.87207940557	773.313947471853	0	0	0	0	0	0	0	0	0	0.0220829107911358	0.0134534509071492	0.00223369992171791
11	109581.06314744	54763.3250204472	4853.20105779114	0	0	0	0	0	0	0	0	0	735.475047302846	404.687481679297	52.0233744937749	45805.3446880183	24043.0562794305	2684.06673300208	0	0	0	0	0	0	0	0	0	76.3862297597085	42.2089253124721	5.49493308020099	3672.79011698607	2640.8510402544	773.310326076514	0	0	0	0	0	0	0	0	0	0.0540520603878509	0.0329095733519172	0.00545629415284745
12	109556.999141093	54757.1711808257	4855.04044908497	0	0	0	0	0	0	0	0	0	759.305120504516	410.673031644473	50.1476071171064	45805.3386664517	24043.05168243	2684.06563584587	0	0	0	0	0	0	0	0	0	77.6587932460704	42.1236047635469	5.19080102031183	3672.8486867801	2640.8867979072	773.31620433533	0	0	0	0	0	0	0	0	0	0.0354697198553559	0.0214779698186105	0.00350719117902559
13	109690.758416657	54836.7479102373	4867.59846004936	0	0	0	0	0	0	0	0	0	625.077803646746	330.801135811523	37.5368698990704	45805.3797138479	24043.0789746297	2684.07104341949	0	0	0	0	0	0	0	0	0	63.0893609307289	33.4312117320049	3.80978349096276	3672.80602736116	2640.86049022911	773.311789085179	0	0	0	0	0	0	0	0	0	0.0201661220210707	0.0118330350931648	0.00176319105048302
14	109577.460364214	54762.6596982809	4853.54737050009	0	0	0	0	0	0	0	0	0	739.2099408632	405.421419620964	51.6857134615056	45805.2008811799	24042.9676409819	2684.05101581894	0	0	0	0	0	0	0	0	0	75.9863931598881	41.806149397911	5.38001625832017	3672.86788031554	2640.89851026248	773.317797863814	0	0	0	0	0	0	0	0	0	0.035012219314651	0.0211532184034364	0.00343653996181395
15	109585.570611663	54771.0837351728	4856.06854164326	0	0	0	0	0	0	0	0	0	730.962560090736	396.89813108246	49.1419876760663	45805.2650843568	24043.0103434045	2684.06015819545	0	0	0	0	0	0	0	0	0	75.9467221227481	41.434068795906	5.20615063587361	3672.82680659329	2640.87325940544	773.313832820183	0	0	0	0	0	0	0	0	0	0.0741074525518966	0.044927345062116	0.00735298317170414
16	109593.813224189	54777.0796924503	4857.30170012892	0	0	0	0	0	0	0	0	0	722.52823703682	390.785816385654	47.8900005723429	45805.3251076538	24043.0470442011	2684.06632556027	0	0	0	0	0	0	0	0	0	73.95559132394	40.120039526417	4.96290986385556	3672.77019300488	2640.83925861738	773.308537103089	0	0	0	0	0	0	0	0	0	0.0351928993367351	0.0212320094523817	0.00343287588206662
17	109567.787918212	54759.4456478852	4854.41011774248	0	0	0	0	0	0	0	0	0	748.776854468882	408.564415881878	50.8054007695712	45805.2685108161	24043.0090760677	2684.05882250112	0	0	0	0	0	0	0	0	0	77.0781219287679	42.2053298284712	5.30685423195128	3672.8134063304	2640.86606831722	773.313101869142	0	0	0	0	0	0	0	0	0	0.0432561875923217	0.0263873519891702	0.00438589462719191
18	109653.254583956	54801.5290380276	4857.4790718455	0	0	0	0	0	0	0	0	0	663.201404288521	366.446342905291	47.7437725782945	45805.2565876919	24043.0045844698	2684.05910519288	0	0	0	0	0	0	0	0	0	68.3049540506366	37.8663897042066	4.98170270865649	3672.84982023467	2640.88676696562	773.315853496146	0	0	0	0	0	0	0	0	0	0.028369583475858	0.0173166612529626	0.0028914976902717
19	109618.567574657	54790.9868793928	4859.58046625425	0	0	0	0	0	0	0	0	0	697.49080365762	376.721016485738	45.5885248883084	45805.3514318255	24043.0619645815	2684.0683137359	0	0	0	0	0	0	0	0	0	71.2694193207401	38.5990056627163	4.71206390218844	3672.79388594453	2640.85351883179	773.310769356841	0	0	0	0	0	0	0	0	0	0.0353857416147339	0.0212798386127639	0.00340819630876129
20	109558.569537985	54762.6953032719	4857.46317672168	0	0	0	0	0	0	0	0	0	757.838486336035	405.176328844174	47.716938924408	45805.3017808303	24043.0340614132	2684.06473010546	0	0	0	0	0	0	0	0	0	76.5167525605208	40.9641105302797	4.84515317414571	3672.82937674764	2640.87597479034	773.314858880286	0	0	0	0	0	0	0	0	0	0.0132111480313669	0.00784244558768087	0.00121158286457219
21	109594.811227818	54780.7560842047	4859.10903359146	0	0	0	0	0	0	0	0	0	722.017499350841	387.35290198313	46.1034489052458	45805.2306851306	24042.9922293752	2684.05848060283	0	0	0	0	0	0	0	0	0	73.3997905435719	39.4628755375664	4.72924991564365	3672.87654971601	2640.90424182537	773.319255278076	0	0	0	0	0	0	0	0	0	0.0295747185670596	0.0175326114389174	0.00270001607194667
22	109600.39446558	54776.94636136	4856.08734979284	0	0	0	0	0	0	0	0	0	715.857524900533	390.890817390738	49.1088381398176	45805.339772367	24043.0525904953	2684.06502048065	0	0	0	0	0	0	0	0	0	73.44466109981	40.2255097522675	5.10046198168039	3672.81607319142	2640.86566172703	773.312117347322	0	0	0	0	0	0	0	0	0	0.0384075954388688	0.0231993390570432	0.00376687848735058
23	109664.557730489	54815.6012525733	4862.21028487757	0	0	0	0	0	0	0	0	0	651.119636274419	351.899720266409	42.9344583417298	45805.3030692474	24043.0291696848	2684.06159628518	0	0	0	0	0	0	0	0	0	66.2256539658954	35.8698515387037	4.40621768832167	3672.87490015168	2640.90482820886	773.320034368409	0	0	0	0	0	0	0	0	0	0.023461697961443	0.0140382058142304	0.0022197579690451
24	109719.954966307	54844.7018840916	4865.41194888065	0	0	0	0	0	0	0	0	0	595.807442588244	322.849717688269	39.7406667155818	45805.3342143339	24043.051308969	2684.06651175965	0	0	0	0	0	0	0	0	0	60.5840793137242	32.9015576116872	4.07798860368784	3672.83095606089	2640.87669041802	773.314831013247	0	0	0	0	0	0	0	0	0	0.0211764332207442	0.0127462639304624	0.00205119642284684
25	109533.980694935	54738.2566496336	4850.27812179892	0	0	0	0	0	0	0	0	0	782.908554893961	429.95000355793	54.9716496769993	45805.2648895021	24043.0092498156	2684.05960871837	0	0	0	0	0	0	0	0	0	81.8658008986531	45.1895299130807	5.86770205486838	3672.79027215169	2640.85137764864	773.310393500584	0	0	0	0	0	0	0	0	0	0.0742901146090882	0.045520773087217	0.00767630588914318
26	109611.284802053	54770.7555287473	4850.88724252094	0	0	0	0	0	0	0	0	0	705.313599342274	397.347760784709	54.3706315651978	45805.1435185312	24042.9359330319	2684.04709396501	0	0	0	0	0	0	0	0	0	73.3263917338538	41.4569636878827	5.73037890320012	3672.82146332584	2640.86910201259	773.312510143061	0	0	0	0	0	0	0	0	0	0.0301505776354158	0.0186707308244265	0.00323360959369001
27	109723.743844445	54840.0063493838	4862.38261505087	0	0	0	0	0	0	0	0	0	592.023471457616	327.589862720585	42.791266603789	45805.3476892897	24043.0565933656	2684.06618412043	0	0	0	0	0	0	0	0	0	61.2853300900817	34.0459556810733	4.49981789866852	3672.80893759604	2640.86286781786	773.312370133844	0	0	0	0	0	0	0	0	0	0.0381631124125237	0.0235580887334496	0.00404863041579093
28	109646.158528742	54791.1804497759	4854.17839284367	0	0	0	0	0	0	0	0	0	670.088369242109	376.712063261593	51.0436857119956	45805.3822586352	24043.0795979444	2684.07075132232	0	0	0	0	0	0	0	0	0	69.9320074516561	39.4710199271774	5.41027966286256	3672.80158107529	2640.85777562676	773.311317725949	0	0	0	0	0	0	0	0	0	0.0432126317397968	0.0265925587648687	0.00453090601153601
29	109632.835478966	54792.1299997613	4856.87110075993	0	0	0	0	0	0	0	0	0	683.593366037972	375.825168086207	48.347621275575	45805.2483017872	24042.9970347402	2684.05694954183	0	0	0	0	0	0	0	0	0	70.7733995219041	39.062475537863	5.08365974418602	3672.80537535961	2640.86058635328	773.311925463793	0	0	0	0	0	0	0	0	0	0.0479613246538222	0.0291697437475414	0.00482970268025745
30	109649.138920769	54809.0767369324	4862.19489945743	0	0	0	0	0	0	0	0	0	666.575100281647	358.436306365707	42.9477547278907	45805.3054835638	24043.0360805819	2684.06494407065	0	0	0	0	0	0	0	0	0	68.4262264164631	36.9192651418628	4.47174051722476	3672.83286089132	2640.87722764822	773.314629843976	0	0	0	0	0	0	0	0	0	0.0516837177628747	0.0310868617791858	0.00498611527343945
31	109547.304787013	54755.7883462597	4856.39227058093	0	0	0	0	0	0	0	0	0	769.240988661234	412.158876339155	48.7972846297851	45805.4072656788	24043.0970625979	2684.07447896261	0	0	0	0	0	0	0	0	0	78.5506690908191	42.2004419660277	5.03944362123582	3672.82563612414	2640.87345070747	773.314309724772	0	0	0	0	0	0	0	0	0	0.0438604270820777	0.0260168595117344	0.00400396543148918
32	109609.108485691	54779.2352135104	4855.52308818556	0	0	0	0	0	0	0	0	0	707.117895426341	388.598874513728	49.6750462017779	45805.3403910217	24043.0560397142	2684.06765944474	0	0	0	0	0	0	0	0	0	72.919023776393	40.2170779208718	5.19722590540015	3672.78274867201	2640.84790770958	773.310332018266	0	0	0	0	0	0	0	0	0	0.0388314927985061	0.0237314166941923	0.00396890698822149
33	109630.26576271	54800.0909333727	4861.60052653526	0	0	0	0	0	0	0	0	0	685.818536192265	367.618478146723	43.5643613232169	45805.2912641102	24043.0264704908	2684.0630134839	0	0	0	0	0	0	0	0	0	70.7508578664803	38.0746033673245	4.56957564340536	3672.83002502046	2640.87608328643	773.314657820083	0	0	0	0	0	0	0	0	0	0.0747358895110815	0.0445869833549581	0.00697025489187403
34	109570.370308	54763.4396433361	4855.37225856857	0	0	0	0	0	0	0	0	0	746.283812977146	404.601425792119	49.8424518838672	45805.2424341544	24042.9996786051	2684.05975157845	0	0	0	0	0	0	0	0	0	75.9147250689587	41.2508181625164	5.11771672875704	3672.80764438617	2640.86243691275	773.31246302518	0	0	0	0	0	0	0	0	0	0.0184352882937188	0.0111833609369558	0.00183360773057091
35	109564.042623569	54758.334066086	4854.19964170391	0	0	0	0	0	0	0	0	0	752.652219612978	409.748159403696	51.0276185147561	45805.2635778613	24043.0072385875	2684.05885482038	0	0	0	0	0	0	0	0	0	79.2433295733491	43.4076974565379	5.50954434315016	3672.77281793782	2640.84068024168	773.308593690986	0	0	0	0	0	0	0	0	0	0.1162324244533	0.0705580218709301	0.011584793018137
36	109665.821340816	54797.4890422883	4853.48038106638	0	0	0	0	0	0	0	0	0	650.477892979486	370.459440197004	51.7579062189162	45805.252114651	24043.0043743442	2684.0599205859	0	0	0	0	0	0	0	0	0	67.7029268060165	38.6813829173949	5.45401338572883	3672.76579399442	2640.83733188277	773.308558405697	0	0	0	0	0	0	0	0	0	0.0266542696098532	0.0165087000577147	0.00285665936433339
37	109569.648804085	54749.7599738651	4849.31379514368	0	0	0	0	0	0	0	0	0	747.306311030614	418.52364431008	55.9575210166378	45805.2422567773	24043.0008887332	2684.06033631538	0	0	0	0	0	0	0	0	0	77.4456099528724	43.5218016017743	5.87827730375897	3672.73425633577	2640.8177170404	773.305178938815	0	0	0	0	0	0	0	0	0	0.0319550682003711	0.0196155786358004	0.0033168064927977
38	109612.054315173	54764.4457351254	4847.78137887847	0	0	0	0	0	0	0	0	0	704.188048565793	403.488177250593	57.4627797874421	45805.2293298287	24042.9855451963	2684.05511941602	0	0	0	0	0	0	0	0	0	74.5897165992147	42.916468019278	6.18301030604051	3672.84311699689	2640.88291442277	773.31528392825	0	0	0	0	0	0	0	0	0	0.0502727350095061	0.0311575477546555	0.00540629895770875
39	109592.064364077	54779.8218417544	4859.41490647752	0	0	0	0	0	0	0	0	0	724.296024977288	388.033185718929	45.7658097889122	45805.2976867488	24043.0284559324	2684.06261203907	0	0	0	0	0	0	0	0	0	73.5217487067655	39.4676492953204	4.68551875951875	3672.83115809499	2640.87652284363	773.314673669528	0	0	0	0	0	0	0	0	0	0.0259687594355018	0.0155193650912658	0.00243890556786179
40	109623.230513381	54783.4557622328	4854.9432709991	0	0	0	0	0	0	0	0	0	693.42914417486	384.643484363898	50.2987582885077	45805.101556623	24042.9157557269	2684.0458852283	0	0	0	0	0	0	0	0	0	71.2925242379711	39.6663927717181	5.23458194305093	3672.84972079209	2640.88639984814	773.315369580386	0	0	0	0	0	0	0	0	0	0.0250462378835041	0.0154171557736361	0.00262739970835345
41	109667.898464396	54813.6472351615	4860.76056674246	0	0	0	0	0	0	0	0	0	648.512103256353	354.281712409263	44.4471718215675	45805.2810147303	24043.018090764	2684.0608075157	0	0	0	0	0	0	0	0	0	67.2624246071801	36.9095708435068	4.69490939836508	3672.82646353236	2640.87319824515	773.313877383288	0	0	0	0	0	0	0	0	0	0.0525828571330819	0.0321054652770374	0.00535762735670189
42	109638.946256396	54800.6552318516	4860.39661462105	0	0	0	0	0	0	0	0	0	677.29060348138	367.164940025637	44.7920373148993	45805.1588510975	24042.9477352195	2684.05003813782	0	0	0	0	0	0	0	0	0	69.0476887956992	37.5267675011843	4.61561731989518	3672.82465634695	2640.87203863558	773.313425348024	0	0	0	0	0	0	0	0	0	0.0239058779674806	0.0145145831634346	0.00238070471886836
43	109667.099551781	54807.646602321	4857.9118149346	0	0	0	0	0	0	0	0	0	648.979569705968	360.12374052718	47.2843605780407	45805.2596833519	24043.0086836321	2684.06062839907	0	0	0	0	0	0	0	0	0	66.5232246368279	37.0159138191353	4.89994149942113	3672.85335467919	2640.88915910902	773.316381965642	0	0	0	0	0	0	0	0	0	0.0191704466441358	0.0118094288521258	0.00201760706885892
44	109708.654044115	54823.0801318517	4857.19398436752	0	0	0	0	0	0	0	0	0	607.438818360886	344.745753229186	48.0270815744798	45805.3116681172	24043.0378506298	2684.06436729105	0	0	0	0	0	0	0	0	0	64.1783536471464	36.5964600692593	5.16686705323313	3672.81684874791	2640.86743076002	773.313000372008	0	0	0	0	0	0	0	0	0	0.0551131662075946	0.0341963534746497	0.00595066230655905
45	109655.511378414	54813.2914255798	4863.1962249635	0	0	0	0	0	0	0	0	0	660.67850524092	354.475687824528	41.9750026079665	45805.2754477389	24043.0179187381	2684.06201178563	0	0	0	0	0	0	0	0	0	66.8918238590373	35.9505350827176	4.28055045023739	3672.81032077373	2640.8638968088	773.312621405582	0	0	0	0	0	0	0	0	0	0.0189028103749361	0.011267944168165	0.0017587460190722
46	109528.193600888	54742.6800602016	4853.91462216202	0	0	0	0	0	0	0	0	0	788.520031871809	425.379366919262	51.2961454846769	45805.3493334797	24043.0600096287	2684.0677282862	0	0	0	0	0	0	0	0	0	80.3864657008557	43.4732532032279	5.28406983791506	3672.79155093221	2640.85212450818	773.310567250093	0	0	0	0	0	0	0	0	0	0.0297829456998189	0.0178744241124229	0.00284053630670892
47	109670.566650489	54814.8908955002	4860.89612559182	0	0	0	0	0	0	0	0	0	645.353754130066	352.768737734526	44.2769677051724	45805.2988766303	24043.0291308248	2684.06270102687	0	0	0	0	0	0	0	0	0	66.6681614393422	36.5892551515969	4.65024230699832	3672.79717011728	2640.85611241362	773.311413443203	0	0	0	0	0	0	0	0	0	0.0466451023938935	0.0286149579625662	0.0048324447645926
48	109669.720263306	54812.7114061784	4859.91993694571	0	0	0	0	0	0	0	0	0	646.322323348956	355.028629426615	45.2689774603732	45805.2789944058	24043.0169618094	2684.06054618334	0	0	0	0	0	0	0	0	0	67.6000098669556	37.329706791327	4.83726429050318	3672.8117240549	2640.86307656181	773.311759261134	0	0	0	0	0	0	0	0	0	0.0652601940974509	0.040081405809997	0.00679102473320708
49	109674.153546544	54821.8960023342	4863.71398350853	0	0	0	0	0	0	0	0	0	642.052612059534	345.895493568224	41.4669877682016	45805.1565248879	24042.9458879794	2684.04957859821	0	0	0	0	0	0	0	0	0	65.0616977461961	35.1155909606184	4.23499372608246	3672.82782599315	2640.87421321393	773.313884875148	0	0	0	0	0	0	0	0	0	0.0173044568971432	0.0104343347247687	0.00168171511672667
50	109630.104287011	54799.993494399	4861.63040547418	0	0	0	0	0	0	0	0	0	685.945695749213	367.696733797684	43.5317811373893	45805.3036069236	24043.0343036232	2684.06434858712	0	0	0	0	0	0	0	0	0	69.817371196531	37.5142551862264	4.47568483831443	3672.80509295066	2640.86035208862	773.311899637021	0	0	0	0	0	0	0	0	0	0.0284570670494355	0.0170286543853668	0.002685773384199
51	109646.692027891	54803.0491676658	4859.52513839371	0	0	0	0	0	0	0	0	0	669.247538004726	364.61130371568	45.6461687951723	45805.3056682277	24043.0336811873	2684.06355392285	0	0	0	0	0	0	0	0	0	68.5396046457715	37.4555287741417	4.73355219638707	3672.83966824241	2640.88096383745	773.315074462921	0	0	0	0	0	0	0	0	0	0.0277421669575727	0.0169703108199942	0.00284935038642132
52	109607.897352178	54783.1001037159	4857.75032223595	0	0	0	0	0	0	0	0	0	708.550937817919	384.835340782023	47.4528999462954	45805.2657916366	24043.0105141005	2684.06023866936	0	0	0	0	0	0	0	0	0	72.6718877560063	39.5959164901775	4.93128078391905	3672.81008273668	2640.86316793359	773.312231880421	0	0	0	0	0	0	0	0	0	0.0367623927245745	0.0222126556194014	0.00359871440889857
53	109622.549440928	54785.7285074547	4855.85813659597	0	0	0	0	0	0	0	0	0	693.837978585256	382.205885997133	49.3579889909324	45805.2250527032	24042.9867685887	2684.05676781374	0	0	0	0	0	0	0	0	0	71.4989323971052	39.5208600450556	5.15596283850729	3672.77942003529	2640.84477550921	773.309369880272	0	0	0	0	0	0	0	0	0	0.0356454955792417	0.0218637305236629	0.00369918612932697
54	109614.035302783	54786.7045993774	4858.08090373254	0	0	0	0	0	0	0	0	0	702.491560509867	381.266732112895	47.125454994054	45805.3245349198	24043.0437062627	2684.0647215416	0	0	0	0	0	0	0	0	0	71.2299713302713	38.7316529652226	4.81528989304953	3672.84221801363	2640.88260808868	773.315414470513	0	0	0	0	0	0	0	0	0	0.012953478614578	0.00782816684737431	0.00127320046695889
55	109637.881438969	54783.9356493359	4852.41011652653	0	0	0	0	0	0	0	0	0	678.83449756397	384.245856270934	52.8607187537121	45805.1400543844	24042.9360824334	2684.04797873498	0	0	0	0	0	0	0	0	0	71.5712142137153	40.6983108843414	5.67399083040057	3672.79743508414	2640.8541295923	773.309859950092	0	0	0	0	0	0	0	0	0	0.0540821856171194	0.0334268642210961	0.00575379178220722
56	109652.590180161	54795.5173270235	4855.41494349466	0	0	0	0	0	0	0	0	0	663.920074233161	372.524969151146	49.8257134998482	45805.1839958658	24042.96192015	2684.05279035678	0	0	0	0	0	0	0	0	0	69.7094230044504	39.2922612797548	5.32784239714627	3672.81954182432	2640.86928643158	773.313345855946	0	0	0	0	0	0	0	0	0	0.0653626916025029	0.040061786968575	0.00673676359166048
57	109658.548951867	54802.5720682232	4857.30171058193	0	0	0	0	0	0	0	0	0	657.687510495488	365.292731282303	47.9087526395023	45805.2887319675	24043.0233872693	2684.06190983177	0	0	0	0	0	0	0	0	0	68.4686659202892	38.1867711915519	5.0703975690237	3672.80450705491	2640.86001005616	773.311807215404	0	0	0	0	0	0	0	0	0	0.054288401134309	0.0330501212197918	0.00546744677501207
58	109596.1717796	54779.1066313746	4858.02265025143	0	0	0	0	0	0	0	0	0	720.012606495614	388.663193835255	47.1521690108532	45805.363616292	24043.0710312557	2684.0704664958	0	0	0	0	0	0	0	0	0	73.2735350059235	39.6462745627464	4.84596160989359	3672.83294912916	2640.87761439004	773.314908147219	0	0	0	0	0	0	0	0	0	0.0237540841680528	0.0143553176712606	0.00232862498453789
59	109523.280540367	54731.3475056853	4848.84825731304	0	0	0	0	0	0	0	0	0	793.982626563839	437.080849016714	56.4370401496168	45805.2010679749	24042.9684477468	2684.05224762518	0	0	0	0	0	0	0	0	0	83.9592216600374	46.5143917814603	6.12074140475772	3672.76705794657	2640.83670879367	773.307744026003	0	0	0	0	0	0	0	0	0	0.0911064313176571	0.0560858502560873	0.00957533003368945
60	109645.714731691	54809.7961231398	4863.23060533875	0	0	0	0	0	0	0	0	0	669.915608060725	357.655437378784	41.8999419624119	45805.4880067539	24043.1373145222	2684.07674700492	0	0	0	0	0	0	0	0	0	67.6740067430543	36.1820114700999	4.25877349352423	3672.829930759	2640.87525878163	773.314206172829	0	0	0	0	0	0	0	0	0	0.0154971690744279	0.00923159346259004	0.00143812111644505
61	109706.758922213	54822.775794123	4857.92153974614	0	0	0	0	0	0	0	0	0	609.207329551282	344.977623746095	47.2869300873947	45805.3797382111	24043.0750249482	2684.06876381692	0	0	0	0	0	0	0	0	0	63.5374662512104	36.1121473221437	5.00434871186695	3672.72506624563	2640.81107212942	773.303657720195	0	0	0	0	0	0	0	0	0	0.0372009377263701	0.0230333915905616	0.00397837545396365
62	109540.194389868	54744.3545877549	4852.44597267053	0	0	0	0	0	0	0	0	0	776.557694954736	423.755135658843	52.7811398905403	45805.2604329579	24043.0070365346	2684.05949715239	0	0	0	0	0	0	0	0	0	80.0329577150672	43.8306683253761	5.52144077935761	3672.8365541741	2640.88041435557	773.315576399597	0	0	0	0	0	0	0	0	0	0.0462260525546767	0.0281030843310015	0.00463313364426589
63	109594.665917985	54772.9210507284	4855.5529876895	0	0	0	0	0	0	0	0	0	721.634652010186	394.947386480151	49.6463339512798	45805.3464190916	24043.0560801279	2684.06616959771	0	0	0	0	0	0	0	0	0	75.0525844338499	41.2614173216966	5.25942197637029	3672.83363394869	2640.87817055152	773.31503892959	0	0	0	0	0	0	0	0	0	0.068671718358573	0.0415668600104328	0.00676495435020827
64	109579.65779502	54769.1668907043	4856.66737226941	0	0	0	0	0	0	0	0	0	736.941869021636	398.843881803785	48.542105202558	45805.2788836274	24043.0160478332	2684.06011887045	0	0	0	0	0	0	0	0	0	75.4297703142419	40.9448365447511	5.03059104754119	3672.81390696464	2640.86613620648	773.313034169863	0	0	0	0	0	0	0	0	0	0.0387096390190188	0.0234380182959726	0.00382283930662582
65	109559.363522693	54755.3344375038	4853.8543175914	0	0	0	0	0	0	0	0	0	757.466663118719	412.824216129472	51.3831156251311	45805.0625501114	24042.8911324682	2684.04157450822	0	0	0	0	0	0	0	0	0	77.6850701592697	42.4740738948028	5.33974098323453	3672.84249709804	2640.88219180533	773.314746256759	0	0	0	0	0	0	0	0	0	0.0313842462733356	0.0192094669090486	0.00322479540300375
66	109638.778685987	54794.5890774374	4857.04299379498	0	0	0	0	0	0	0	0	0	677.440828122246	373.246775433923	48.1576437428726	45805.1908234879	24042.9669480545	2684.05389520755	0	0	0	0	0	0	0	0	0	69.3689682490802	38.3231749927768	4.98437615728992	3672.84342655765	2640.8852311401	773.316671874349	0	0	0	0	0	0	0	0	0	0.022580614655836	0.0137116404969123	0.00225826091616626
67	109620.142516682	54795.2841880455	4861.23430960955	0	0	0	0	0	0	0	0	0	695.932877869823	372.416326033109	43.9281875893468	45805.3070613989	24043.0352694484	2684.06416958282	0	0	0	0	0	0	0	0	0	70.974405015792	38.0793006183225	4.52945728378069	3672.80977399117	2640.86350026144	773.312524125023	0	0	0	0	0	0	0	0	0	0.0380741100140779	0.0227356031980124	0.00356692326776898
68	109619.552929289	54777.3640648472	4852.95027848899	0	0	0	0	0	0	0	0	0	696.628467250891	390.485137459963	52.262205782455	45805.2267581293	24042.9862376496	2684.05602549685	0	0	0	0	0	0	0	0	0	72.0362153503287	40.507434248306	5.47288698837308	3672.85327526652	2640.89157209129	773.317818846852	0	0	0	0	0	0	0	0	0	0.0301543047532022	0.0184671830797991	0.00310260190991918
69	109594.704942045	54775.0146440893	4856.47692759331	0	0	0	0	0	0	0	0	0	721.73973815816	392.929554435487	48.7314603921583	45805.2682001474	24043.0093225343	2684.05885991931	0	0	0	0	0	0	0	0	0	74.9499332873589	40.994269743724	5.15881750990582	3672.77267740926	2640.84094753667	773.30887755822	0	0	0	0	0	0	0	0	0	0.0646067979987145	0.0394546639167744	0.00658648838120824
70	109646.309724304	54789.8278537657	4853.67388203813	0	0	0	0	0	0	0	0	0	670.326997049852	378.296519333235	51.5830361345993	45805.2761797958	24043.0162639961	2684.06091774554	0	0	0	0	0	0	0	0	0	71.1425279579019	40.3624774109543	5.58997555246132	3672.83076878693	2640.8765182566	773.314704484969	0	0	0	0	0	0	0	0	0	0.0739276989391561	0.0456129292848146	0.00781532209602487
71	109621.659321848	54791.5096499537	4859.03807253786	0	0	0	0	0	0	0	0	0	694.409790311282	376.209243083616	46.1348466894986	45805.3171435969	24043.0401335005	2684.06452576347	0	0	0	0	0	0	0	0	0	70.4957954755269	38.2693162243977	4.72286160353052	3672.84526945802	2640.88470609983	773.315883878707	0	0	0	0	0	0	0	0	0	0.0171716441551202	0.0104079486642382	0.00170307835858135
72	109570.819050927	54766.2703793237	4856.77807232561	0	0	0	0	0	0	0	0	0	745.34271583141	401.487719748097	48.3958649859532	45805.314242486	24043.0420824814	2684.06617512898	0	0	0	0	0	0	0	0	0	76.7649127856225	41.508469318893	5.06478255432279	3672.83814780741	2640.87895134784	773.31428460198	0	0	0	0	0	0	0	0	0	0.0586213450240559	0.0354677868363646	0.00577811272569432
73	109611.298312687	54770.786210206	4850.78700367262	0	0	0	0	0	0	0	0	0	705.307908216188	397.319029056893	54.4699513817318	45805.3470000828	24043.0559306682	2684.06597307085	0	0	0	0	0	0	0	0	0	74.8221056338181	42.3798608161799	5.90011898525003	3672.81706877702	2640.86768104946	773.31308636849	0	0	0	0	0	0	0	0	0	0.0661649832677105	0.0409289204986687	0.00707013713509015
74	109662.59883101	54814.464351996	4862.20430671809	0	0	0	0	0	0	0	0	0	653.8141151217	353.439208236177	42.9901981747437	45805.2491161398	24043.0012077639	2684.05909836997	0	0	0	0	0	0	0	0	0	66.2804956110498	35.8969827246313	4.39227275584313	3672.83439493244	2640.87819208251	773.314837661013	0	0	0	0	0	0	0	0	0	0.0165907588648453	0.0100046189070665	0.00161596927522796
75	109552.536635249	54746.2164619119	4850.39166446294	0	0	0	0	0	0	0	0	0	764.442234823532	422.057451284649	54.8739848031172	45805.2337723011	24042.987788077	2684.05512506899	0	0	0	0	0	0	0	0	0	80.5127442192974	44.7117418305063	5.91438290861089	3672.78578787414	2640.84872678276	773.309991874345	0	0	0	0	0	0	0	0	0	0.0811760940593492	0.0500519127795828	0.00857877696915142
76	109642.404466318	54784.0377955569	4851.222119906	0	0	0	0	0	0	0	0	0	674.350751175468	384.181773557315	54.0606831593665	45805.2489847887	24042.9968650102	2684.056473587	0	0	0	0	0	0	0	0	0	72.5153151783276	41.5533885498215	5.942952187056	3672.7871665121	2640.84937580317	773.310056430743	0	0	0	0	0	0	0	0	0	0.0860794747638199	0.0533669699915503	0.00926804648291993
77	109587.126405476	54775.886277854	4858.35598908885	0	0	0	0	0	0	0	0	0	729.357530889589	392.041695273763	46.836275846401	45805.2745736287	24043.0159776042	2684.06115272241	0	0	0	0	0	0	0	0	0	74.0726530956368	39.8989916135671	4.79898610199651	3672.85741453183	2640.89215257163	773.317073489334	0	0	0	0	0	0	0	0	0	0.0225279232803284	0.0135082277596081	0.00214300247858766
78	109659.283091982	54807.7480314773	4859.40289510398	0	0	0	0	0	0	0	0	0	656.933619799591	360.083537688639	45.7967450267537	45805.2441982451	24042.9979099478	2684.05836195461	0	0	0	0	0	0	0	0	0	68.3157245167686	37.6233474527178	4.85444268258179	3672.77572335424	2640.84254543679	773.308966953154	0	0	0	0	0	0	0	0	0	0.0517808182463235	0.0317981055957747	0.0053894566420502
79	109650.082626296	54804.0693424694	4859.75040601921	0	0	0	0	0	0	0	0	0	666.236705386961	363.814964743026	45.4538533403577	45805.0832492895	24042.903283936	2684.04343248071	0	0	0	0	0	0	0	0	0	68.9327620369208	37.8009278124946	4.78532095223026	3672.84249284787	2640.88200979782	773.31462917691	0	0	0	0	0	0	0	0	0	0.0487649812775147	0.0298308226298231	0.0049957132585826
80	109661.090300952	54812.9056076852	4861.72232739722	0	0	0	0	0	0	0	0	0	655.030444183108	354.841910376389	43.4540506960802	45805.3024055202	24043.034718251	2684.06491966872	0	0	0	0	0	0	0	0	0	67.0256797742595	36.4181073157682	4.50221803337511	3672.81550533839	2640.86654578682	773.312871053735	0	0	0	0	0	0	0	0	0	0.0322702648799679	0.0195576159688026	0.0032005225732081
81	109596.374041601	54781.6744652348	4859.28690511717	0	0	0	0	0	0	0	0	0	719.746438370923	386.05293399405	45.8798139173562	45805.2807530851	24043.0201199362	2684.06201679788	0	0	0	0	0	0	0	0	0	72.8063989003647	39.1151125571558	4.67329287052466	3672.84679790294	2640.88526517088	773.315771268642	0	0	0	0	0	0	0	0	0	0.0145210001247228	0.00877073467317291	0.00142214934003538
82	109659.68953167	54805.6176676097	4858.33182565526	0	0	0	0	0	0	0	0	0	656.109748719917	361.98502110468	46.8384654941178	45805.4056545117	24043.091347619	2684.0717277064	0	0	0	0	0	0	0	0	0	66.7428454107965	36.8963063221215	4.80244405002196	3672.82251969431	2640.87053567312	773.313411755291	0	0	0	0	0	0	0	0	0	0.0103470853287005	0.00630954398227361	0.00105032619421906
83	109689.494048358	54824.3547474899	4862.199827348	0	0	0	0	0	0	0	0	0	626.723079244105	343.473185821917	42.9939514916774	45805.2525222987	24043.0025203184	2684.05890896116	0	0	0	0	0	0	0	0	0	64.1976868344632	35.282629185273	4.45599715181013	3672.78357007876	2640.84817905363	773.310330423688	0	0	0	0	0	0	0	0	0	0.031497541320829	0.0189962943387418	0.0030549545939217
84	109634.816109594	54793.9860329762	4857.60563125313	0	0	0	0	0	0	0	0	0	681.436140835765	373.86891538977	47.5980655515541	45805.216482741	24042.9785130462	2684.05418243035	0	0	0	0	0	0	0	0	0	70.1309908436708	38.6092431837314	4.96682249600061	3672.80170338997	2640.85760448627	773.311171985619	0	0	0	0	0	0	0	0	0	0.0340904123996921	0.0208248260185462	0.00347952777674679
85	109573.252391542	54756.816306963	4851.60523489427	0	0	0	0	0	0	0	0	0	743.383381356977	411.266347123284	53.6349687116659	45805.2734504983	24043.0126714769	2684.05875589568	0	0	0	0	0	0	0	0	0	76.8756591766029	42.6884170095128	5.62871852603915	3672.78149468939	2640.84525162026	773.309025407376	0	0	0	0	0	0	0	0	0	0.0368532266194467	0.0226663675934404	0.00385853872800414
86	109536.41381819	54738.865079099	4850.08572643057	0	0	0	0	0	0	0	0	0	780.345693773033	429.272742382387	55.1562903582898	45805.245636194	24042.9980648094	2684.05809196945	0	0	0	0	0	0	0	0	0	81.8744483540289	45.2829321633431	5.91284696216714	3672.82128238841	2640.86912732865	773.312779506481	0	0	0	0	0	0	0	0	0	0.0825961539971661	0.050566299968217	0.00850776096131441
87	109609.682642198	54792.3234896564	4862.03966593395	0	0	0	0	0	0	0	0	0	706.341691351432	375.334502503237	43.111500273943	45805.3406556557	24043.0517319021	2684.06525427591	0	0	0	0	0	0	0	0	0	71.5237829654808	38.0676210117988	4.39572535810831	3672.83226007153	2640.87800238635	773.315258487317	0	0	0	0	0	0	0	0	0	0.0296290785217066	0.0174208643869185	0.00261094709525246
88	109536.634350379	54742.0829345009	4851.8989246449	0	0	0	0	0	0	0	0	0	779.984526829582	425.955349779514	53.3203518199623	45805.3285769567	24043.0493144211	2684.06674159534	0	0	0	0	0	0	0	0	0	80.6921237566843	44.2480879687225	5.61027260642821	3672.78077841519	2640.84645957361	773.310024630623	0	0	0	0	0	0	0	0	0	0.0565099672652255	0.0346054560920232	0.00581946230566538
89	109603.749421603	54782.9344061933	4858.53907736245	0	0	0	0	0	0	0	0	0	712.525498621614	384.891378103251	46.6446128875256	45805.3163547948	24043.0433257897	2684.06632576271	0	0	0	0	0	0	0	0	0	73.5210709264368	39.8716656231876	4.8930443071341	3672.81904881768	2640.86875430081	773.313194523198	0	0	0	0	0	0	0	0	0	0.0594016783037228	0.0358174498304245	0.0057697480252539
90	109723.879303228	54831.184922356	4858.09137648823	0	0	0	0	0	0	0	0	0	591.815886502336	336.417629032006	47.0997774810685	45805.3020481337	24043.0300376032	2684.0623420169	0	0	0	0	0	0	0	0	0	62.0848901765327	35.4316117767842	5.01549684775594	3672.81687964791	2640.8673456166	773.312935509341	0	0	0	0	0	0	0	0	0	0.0430190567396174	0.0266383065639653	0.00461537159915564
91	109711.492473714	54829.5002588128	4859.89636940784	0	0	0	0	0	0	0	0	0	604.670972327441	338.339096244171	45.3162374809777	45805.2168714373	24042.9821721903	2684.05620145334	0	0	0	0	0	0	0	0	0	62.7386698479574	35.2348945713354	4.77062817067416	3672.83326707455	2640.87668337541	773.314175874774	0	0	0	0	0	0	0	0	0	0.0346156101105818	0.0212947807110603	0.00362532525060959
92	109663.431568312	54812.5026031305	4860.84757133675	0	0	0	0	0	0	0	0	0	653.015695128287	355.439705943651	44.3610314966827	45805.3028201199	24043.0305523991	2684.06242699037	0	0	0	0	0	0	0	0	0	67.9159647090054	37.1452458138784	4.70465528178594	3672.78359752228	2640.84702772241	773.309605077048	0	0	0	0	0	0	0	0	0	0.066774317727201	0.0403818669294666	0.00656784876717572
93	109582.226328396	54767.322788872	4854.83756923317	0	0	0	0	0	0	0	0	0	734.611646286154	400.845184723172	50.4040822975872	45805.1996798998	24042.9691646908	2684.052948787	0	0	0	0	0	0	0	0	0	77.5479824372883	42.5914549433901	5.46305688787295	3672.79908689443	2640.85661457162	773.311169296403	0	0	0	0	0	0	0	0	0	0.107181996720582	0.0654155777535607	0.0109083145512669
94	109598.689927829	54776.1488971548	4856.3334942203	0	0	0	0	0	0	0	0	0	717.566899061039	391.689038173701	48.8593653801284	45805.2796710515	24043.0185993744	2684.06138327923	0	0	0	0	0	0	0	0	0	73.8446758785531	40.4497160408283	5.10125254690673	3672.84833500305	2640.88709826366	773.316471684699	0	0	0	0	0	0	0	0	0	0.043707135974704	0.0266541074018173	0.00442880451587391
95	109660.774335695	54808.7839569073	4859.76538261356	0	0	0	0	0	0	0	0	0	655.013822412786	358.805257295775	45.401075918797	45805.2467412082	24042.9964275284	2684.05612473515	0	0	0	0	0	0	0	0	0	66.6505301623291	36.5880480344849	4.65997740896502	3672.84138076208	2640.8815990281	773.314952003567	0	0	0	0	0	0	0	0	0	0.0156153645257946	0.00949600651072658	0.0015688290157455
96	109639.414617466	54790.5545475378	4855.32105762389	0	0	0	0	0	0	0	0	0	677.040279744084	377.439387152613	49.9087592603437	45805.2567571885	24043.0063024209	2684.06002728566	0	0	0	0	0	0	0	0	0	70.9494608431865	39.7424500309581	5.33058550533104	3672.83408752943	2640.87683449064	773.314054956734	0	0	0	0	0	0	0	0	0	0.0598777053162676	0.0368413573501549	0.00626218073033159
97	109554.702353967	54747.5797552736	4851.18786816804	0	0	0	0	0	0	0	0	0	761.718845272266	420.374304256458	54.0292762001306	45805.3061696961	24043.0335103882	2684.06318737888	0	0	0	0	0	0	0	0	0	79.3964495542135	44.0146337758345	5.73534109812553	3672.83172221989	2640.87530657853	773.313809586	0	0	0	0	0	0	0	0	0	0.0641772675532963	0.0392094628095784	0.00654872380880451
98	109524.252368055	54725.8832131157	4846.51455672516	0	0	0	0	0	0	0	0	0	792.96533848298	442.547525691143	58.7789606504197	45805.2288385679	24042.9855161326	2684.05411542599	0	0	0	0	0	0	0	0	0	83.1559852567307	46.6298494606886	6.28106321493211	3672.80226910719	2640.85807548266	773.311192468225	0	0	0	0	0	0	0	0	0	0.0614933066422729	0.0378559413228541	0.00644779613182261
99	109610.238161769	54787.915920874	4859.56984756516	0	0	0	0	0	0	0	0	0	705.911318352485	379.840399920364	45.6051234018667	45805.2390517153	24042.9942982213	2684.05761788712	0	0	0	0	0	0	0	0	0	73.2067876747965	39.5729202308545	4.82126608212428	3672.82851579524	2640.87640724039	773.315219212084	0	0	0	0	0	0	0	0	0	0.0865682980141985	0.0520036662111766	0.0082976332136202
100	109668.791422995	54816.1292740647	4861.65268551176	0	0	0	0	0	0	0	0	0	647.245324878528	351.57930492748	43.521823658833	45805.2430432466	24043.0016260989	2684.0606447757	0	0	0	0	0	0	0	0	0	66.008602338162	35.9438876956008	4.48343603813445	3672.79077228313	2640.85126912175	773.310246013685	0	0	0	0	0	0	0	0	0	0.0247366166707421	0.0148446575065366	0.00236462919442023
101	109620.322168123	54798.1149410549	4862.47970952771	0	0	0	0	0	0	0	0	0	695.582000144937	369.468350676431	42.6599218020438	45805.4246194088	24043.1053877065	2684.07496374311	0	0	0	0	0	0	0	0	0	70.4075019740337	37.4594885309049	4.34839260162091	3672.85034896156	2640.88896318258	773.317072077117	0	0	0	0	0	0	0	0	0	0.0239081772280284	0.0141096642255394	0.00214164327746656
102	109625.349565559	54786.7409152339	4856.06647792205	0	0	0	0	0	0	0	0	0	690.993676230433	381.166471385102	49.1440196273189	45805.3324885017	24043.0510969218	2684.06682166524	0	0	0	0	0	0	0	0	0	71.2333977972714	39.4298240184471	5.13709506219215	3672.80383822648	2640.85850372553	773.311130974365	0	0	0	0	0	0	0	0	0	0.0361387449974308	0.0221759867200349	0.00375056217935215
103	109600.617791503	54780.9284674567	4858.15621988019	0	0	0	0	0	0	0	0	0	715.841991570656	387.000910788121	47.0414867618993	45805.3147656625	24043.0417353525	2684.06588874231	0	0	0	0	0	0	0	0	0	73.5806990291416	39.9199058607747	4.90709700040003	3672.7884333998	2640.85000313696	773.310106634149	0	0	0	0	0	0	0	0	0	0.0515092321759319	0.0311180429189654	0.00503729370798954
104	109642.45746414	54792.3648353021	4855.67985585617	0	0	0	0	0	0	0	0	0	673.914597961952	375.586801788204	49.546498471148	45805.1311406106	24042.932249485	2684.04791307017	0	0	0	0	0	0	0	0	0	70.5477005376888	39.5038187002521	5.28588132149848	3672.83269121809	2640.87612606928	773.313728802934	0	0	0	0	0	0	0	0	0	0.0539756817431519	0.0332753224119364	0.00568713976017738
105	109619.697754619	54779.4160223319	4853.3182962022	0	0	0	0	0	0	0	0	0	696.717383830826	388.558818464692	51.9124308162496	45805.1984985054	24042.96921755	2684.05337801653	0	0	0	0	0	0	0	0	0	71.9362083879361	40.250545447549	5.428404361148	3672.82940883226	2640.87499275309	773.314203051487	0	0	0	0	0	0	0	0	0	0.026360736174975	0.0162244546610171	0.00276820939754553
106	109534.376856803	54749.5024135831	4855.71407494101	0	0	0	0	0	0	0	0	0	782.139657020124	418.438205309211	49.4789832219888	45805.2383527434	24042.9948009805	2684.05803666177	0	0	0	0	0	0	0	0	0	79.984210303411	42.914631970407	5.12172994587824	3672.81419452149	2640.86623203128	773.312963359307	0	0	0	0	0	0	0	0	0	0.0507996983579883	0.0303191951391857	0.00475631456388166
107	109618.596886056	54778.4286065235	4853.36480029931	0	0	0	0	0	0	0	0	0	697.802840504775	389.541496841919	51.8664306675358	45805.2926223688	24043.0241387406	2684.06041853019	0	0	0	0	0	0	0	0	0	73.6541818453438	41.3344677795244	5.58937871277305	3672.82420393265	2640.87102015371	773.313121638336	0	0	0	0	0	0	0	0	0	0.0807274161832047	0.0493870300350862	0.00828259558901296
108	109664.800454419	54809.0017293702	4858.90662282332	0	0	0	0	0	0	0	0	0	651.104801011149	358.660363226277	46.2717181345951	45805.2565092792	24043.0056599902	2684.05974899645	0	0	0	0	0	0	0	0	0	66.4703450226071	36.7053875091467	4.77049253010556	3672.83715999209	2640.87957280483	773.31490840344	0	0	0	0	0	0	0	0	0	0.0165278016269478	0.0101719268004067	0.00173506044490508
109	109656.732019412	54817.919601884	4865.1165375665	0	0	0	0	0	0	0	0	0	659.045763623621	349.608090894095	40.0200585793956	45805.2488838879	24043.0017239307	2684.05934162012	0	0	0	0	0	0	0	0	0	66.9962776150435	35.6209090700536	4.10854617691859	3672.82113635373	2640.87089440489	773.313941764586	0	0	0	0	0	0	0	0	0	0.0354341909181268	0.0211034353227176	0.00328048846104916
110	109540.397521456	54740.8929190488	4850.1901009285	0	0	0	0	0	0	0	0	0	776.88852252896	427.539379425192	55.0928655128883	45805.260429799	24043.006190981	2684.05815665362	0	0	0	0	0	0	0	0	0	81.4819249798409	45.0870746145923	5.90535316627255	3672.80895437506	2640.86168984228	773.31154399054	0	0	0	0	0	0	0	0	0	0.0762891676607161	0.0468985676191704	0.00797990572771881
111	109587.061290176	54762.4978167247	4851.82474937805	0	0	0	0	0	0	0	0	0	729.710837919556	405.663464558297	53.4243891019958	45805.2337785704	24042.9953487662	2684.05938602012	0	0	0	0	0	0	0	0	0	75.1080081446877	41.8814258924293	5.5653599976464	3672.83645430262	2640.87868027411	773.31457377516	0	0	0	0	0	0	0	0	0	0.0244998413608021	0.0150023565132525	0.0025232751532027
112	109690.174816277	54830.0472921222	4864.40194913671	0	0	0	0	0	0	0	0	0	625.868364874209	337.654624316996	40.7675382565357	45805.2494673561	24042.997651504	2684.05693799139	0	0	0	0	0	0	0	0	0	63.6717872322397	34.4294558884222	4.18735880943239	3672.85704930822	2640.89183740303	773.316966944914	0	0	0	0	0	0	0	0	0	0.0257183716650903	0.0154029518489981	0.00243702035731735
113	109688.559766036	54822.4557373325	4860.87709026359	0	0	0	0	0	0	0	0	0	627.366166913577	345.222749647737	44.3057679047835	45805.1173231614	24042.9246346064	2684.04711268084	0	0	0	0	0	0	0	0	0	64.475828326839	35.5949625649355	4.61350853459566	3672.82239041785	2640.86978689412	773.312650373442	0	0	0	0	0	0	0	0	0	0.0290789775165036	0.0178547773224281	0.00302467388129579
114	109623.854704136	54795.2380402561	4860.35175949357	0	0	0	0	0	0	0	0	0	692.302825973266	372.525299832864	44.8259932327459	45805.2814332641	24043.0190952649	2684.06126734165	0	0	0	0	0	0	0	0	0	71.1653339162342	38.432001498595	4.67777967502903	3672.7635091338	2640.83463039047	773.307519116486	0	0	0	0	0	0	0	0	0	0.0500850008888089	0.030167367069445	0.00484890693245003
115	109638.686815433	54797.623134641	4858.91332154669	0	0	0	0	0	0	0	0	0	677.847467745208	370.37971435812	46.3059554048053	45805.1153040314	24042.9221645934	2684.04622333188	0	0	0	0	0	0	0	0	0	70.0792453494084	38.4416822656384	4.86486202094568	3672.81889660027	2640.86747126434	773.312175309572	0	0	0	0	0	0	0	0	0	0.0550550197235039	0.0331657461392629	0.00533080280734001
116	109711.145654444	54833.0965092106	4861.61348881228	0	0	0	0	0	0	0	0	0	604.60954543142	334.494409854922	43.5596502136628	45805.2780419149	24043.0168546271	2684.06072678604	0	0	0	0	0	0	0	0	0	62.5245875673008	34.7173239284476	4.57021208844808	3672.786999814	2640.84850819581	773.309607116526	0	0	0	0	0	0	0	0	0	0.0427521275346926	0.0260150037911004	0.00430262994593173
117	109685.474318373	54828.5741797446	4864.63708022331	0	0	0	0	0	0	0	0	0	630.088752713148	338.863586316044	40.4984739000356	45805.2458947974	24042.9968188906	2684.05731900767	0	0	0	0	0	0	0	0	0	64.0617141642115	34.5295598940541	4.15661392443733	3672.8289591224	2640.87470480434	773.314181166263	0	0	0	0	0	0	0	0	0	0.0240942301517598	0.0145086973686185	0.0023314609500591
118	109671.909107668	54819.5580788378	4862.90901245354	0	0	0	0	0	0	0	0	0	644.059809863915	348.107116304429	42.2567928700863	45805.2620017267	24043.0081876399	2684.05991689851	0	0	0	0	0	0	0	0	0	65.2908238483024	35.3556496106585	4.31782502348774	3672.80737885685	2640.8615853697	773.312040555865	0	0	0	0	0	0	0	0	0	0.0159321011556864	0.00962005213879622	0.00155534695131488
119	109679.127778695	54824.1131576479	4863.74362167791	0	0	0	0	0	0	0	0	0	636.785838257066	343.513856289775	41.4143641545824	45805.2435280517	24043.0008887957	2684.06007735854	0	0	0	0	0	0	0	0	0	64.9026600046321	35.1009094528823	4.26653264987934	3672.83911912157	2640.88091169808	773.31522634433	0	0	0	0	0	0	0	0	0	0.0267595079440857	0.0161293983401829	0.00259581815872224
120	109692.351108236	54829.5981407374	4863.60725967838	0	0	0	0	0	0	0	0	0	623.781205307361	338.16167813556	41.5740937628825	45805.1608057898	24042.9530607861	2684.05238704619	0	0	0	0	0	0	0	0	0	63.6157457239037	34.5748014706902	4.28449561472162	3672.80357457427	2640.85901855403	773.311413432408	0	0	0	0	0	0	0	0	0	0.0248425145866306	0.0149518459351783	0.00240255354460903
121	109586.184618725	54774.4685830312	4858.01774886422	0	0	0	0	0	0	0	0	0	730.165589073451	393.399122290952	47.171022649749	45805.2552798224	24043.0049949106	2684.05960893195	0	0	0	0	0	0	0	0	0	76.3068125809363	41.33915040583	5.04522925903505	3672.80873587693	2640.86295230488	773.31238877767	0	0	0	0	0	0	0	0	0	0.113239739267042	0.0682964944640909	0.0110074183130237
122	109560.470216219	54759.0561475013	4855.56996003958	0	0	0	0	0	0	0	0	0	756.038312323392	408.900724521896	49.6309771624527	45805.2905867463	24043.0245031111	2684.06217522899	0	0	0	0	0	0	0	0	0	77.266923962341	41.9067198982507	5.13224472415187	3672.82849812385	2640.87436062013	773.314053203688	0	0	0	0	0	0	0	0	0	0.0336632683569362	0.0203341497157737	0.00328887969405677
123	109603.743237265	54779.640686565	4856.58742422304	0	0	0	0	0	0	0	0	0	712.502355933325	388.187028247697	48.6051505003026	45805.3443923949	24043.0575558499	2684.06750271947	0	0	0	0	0	0	0	0	0	73.5032612929119	40.1953421430826	5.09009285288001	3672.8358826111	2640.87723935372	773.313882615202	0	0	0	0	0	0	0	0	0	0.0536439256773946	0.0324980179340209	0.00532338035231007
124	109650.836279182	54792.0507094008	4853.78018834067	0	0	0	0	0	0	0	0	0	665.64772789022	375.989119464559	51.466506760904	45805.2825457694	24043.0197744047	2684.06119705913	0	0	0	0	0	0	0	0	0	70.7663019623533	40.1852278970866	5.58614998069597	3672.81298805524	2640.86557513891	773.312911828268	0	0	0	0	0	0	0	0	0	0.0781469417401304	0.0479425160937057	0.00808629245220605
125	109596.22360868	54774.1545817925	4855.64639930731	0	0	0	0	0	0	0	0	0	720.219958992822	393.790309715344	49.5628601897627	45805.3606052634	24043.0641913515	2684.06736973575	0	0	0	0	0	0	0	0	0	74.2314619958496	40.737754336689	5.18634393057239	3672.849220073	2640.8871060624	773.316217457716	0	0	0	0	0	0	0	0	0	0.0396347142969503	0.024285696996343	0.00409111235648433
126	109557.485704795	54748.9584415303	4850.89455553456	0	0	0	0	0	0	0	0	0	759.095912049641	419.086110620838	54.336672328222	45805.2774177246	24043.0152815341	2684.05999786144	0	0	0	0	0	0	0	0	0	78.842032534544	43.7107767033862	5.73870504760918	3672.82414526619	2640.87298713836	773.314345390822	0	0	0	0	0	0	0	0	0	0.0518526374033515	0.0318466258181486	0.00540177133195665
127	109664.145980337	54809.5073245662	4859.23396636422	0	0	0	0	0	0	0	0	0	651.992446488583	358.278205015645	45.9589939266413	45805.302081683	24043.0307740408	2684.06281773954	0	0	0	0	0	0	0	0	0	66.6878726285039	36.7430244023556	4.75062942899963	3672.84705490644	2640.88570912318	773.315944003392	0	0	0	0	0	0	0	0	0	0.0233777886967829	0.014230416263628	0.00236105304555774
128	109621.952465675	54791.7690089131	4858.86633652567	0	0	0	0	0	0	0	0	0	694.623155715662	376.232795187089	46.3458039198262	45805.2465842123	24042.9994026771	2684.05860861661	0	0	0	0	0	0	0	0	0	71.8642027727248	39.0862608015536	4.87662847672405	3672.79371584	2640.85362531259	773.310857063216	0	0	0	0	0	0	0	0	0	0.0666409486858536	0.0401286296526334	0.00646667056909328
129	109566.050244818	54757.8706334941	4853.90392490159	0	0	0	0	0	0	0	0	0	750.266172400695	410.000713942973	51.2933733302319	45805.3113262809	24043.0379170064	2684.06453963733	0	0	0	0	0	0	0	0	0	76.720594737376	42.0389903910807	5.30373285937575	3672.82380714287	2640.87165677151	773.313705193948	0	0	0	0	0	0	0	0	0	0.0278915314753097	0.016940075681834	0.0027846463910937
130	109675.816537538	54818.7318626715	4861.49628019317	0	0	0	0	0	0	0	0	0	639.748872896279	348.725794858144	43.6497594625182	45805.2451382097	24042.9958764057	2684.05700267322	0	0	0	0	0	0	0	0	0	65.4496923344029	35.7769437382896	4.51697120319504	3672.85709477881	2640.89207265373	773.317107257213	0	0	0	0	0	0	0	0	0	0.0299054818974971	0.0181378023343189	0.00297833934676393
131	109620.551074623	54782.8027812174	4854.92763118779	0	0	0	0	0	0	0	0	0	695.950582453561	385.206169581532	50.3029371013337	45805.1320730504	24042.9317777187	2684.04756642457	0	0	0	0	0	0	0	0	0	71.4235681605572	39.6470203114269	5.22171039366663	3672.79896311251	2640.85562868077	773.310415528751	0	0	0	0	0	0	0	0	0	0.0223271102399896	0.0136698517463526	0.00229900050892221
132	109620.058621546	54790.4016436747	4859.10522754724	0	0	0	0	0	0	0	0	0	695.929939848525	377.275794644385	46.0624341050391	45805.3311470217	24043.0458722138	2684.06410975123	0	0	0	0	0	0	0	0	0	71.5866949367909	38.9390711311002	4.80486256759743	3672.84746264095	2640.8874421279	773.316932634592	0	0	0	0	0	0	0	0	0	0.0534860960951682	0.0318840884751552	0.00497508305294014
133	109564.261346755	54769.5440573831	4859.78285534477	0	0	0	0	0	0	0	0	0	751.905002367011	398.181461118368	45.3737045066117	45805.3496731208	24043.0597110506	2684.06748789449	0	0	0	0	0	0	0	0	0	75.785447371874	40.1760698605148	4.59431187337628	3672.81271731149	2640.86535794074	773.31289152691	0	0	0	0	0	0	0	0	0	0.0153683275897235	0.00904393760012667	0.00136063461818317
134	109644.095337461	54803.3741922223	4860.35513817396	0	0	0	0	0	0	0	0	0	671.843734960091	364.277391063535	44.8110862233275	45805.2599375778	24043.0056483078	2684.05896976399	0	0	0	0	0	0	0	0	0	68.4595226446256	37.2061225722401	4.61026780513534	3672.86966060125	2640.8989402612	773.317899715332	0	0	0	0	0	0	0	0	0	0.0265409438830756	0.0159263218235226	0.00253893482516452
135	109517.287237828	54733.9564299811	4851.53333347074	0	0	0	0	0	0	0	0	0	799.809411419581	434.335494123388	53.7167680365716	45805.2524900597	24042.9995492503	2684.05727483813	0	0	0	0	0	0	0	0	0	82.8163269200192	45.1650233560795	5.65990346895618	3672.82852410191	2640.87475621641	773.314235243779	0	0	0	0	0	0	0	0	0	0.0628837297260145	0.0381050651557487	0.00623910794234306
136	109590.461609663	54777.2237902785	4858.6731530934	0	0	0	0	0	0	0	0	0	726.008834365895	390.703721943977	46.5199435482911	45805.2575668997	24043.0046721235	2684.05883758747	0	0	0	0	0	0	0	0	0	74.2795299861782	40.0872751573322	4.81704062642497	3672.81915918319	2640.87063416041	773.31429114168	0	0	0	0	0	0	0	0	0	0.0488554876101324	0.0290355818797951	0.00448419526205778
137	109593.604512087	54761.7099479885	4850.47818175505	0	0	0	0	0	0	0	0	0	723.354072465975	406.589497060283	54.8014249864945	45805.1888885563	24042.9631914756	2684.05133025195	0	0	0	0	0	0	0	0	0	75.8325654720907	42.811379641225	5.84543700131484	3672.84629043078	2640.88434675086	773.315045151278	0	0	0	0	0	0	0	0	0	0.0529195867098815	0.0324773849451933	0.00548430322008465
138	109591.715488344	54756.3654486042	4847.54453913984	0	0	0	0	0	0	0	0	0	725.100838823858	411.87756287785	57.7394142175391	45805.1048851389	24042.9185257678	2684.04660240726	0	0	0	0	0	0	0	0	0	77.2469772046277	44.1097846330266	6.27377728138081	3672.82996023293	2640.87380669317	773.31302410664	0	0	0	0	0	0	0	0	0	0.0648358254664797	0.0402390880636686	0.00701339941096993
139	109637.614844805	54785.8621475141	4852.87435322587	0	0	0	0	0	0	0	0	0	678.933771374295	382.211835253875	52.3802644674762	45805.299955143	24043.0238943706	2684.05853387984	0	0	0	0	0	0	0	0	0	71.4621526572866	40.4180421220505	5.61170945307365	3672.8188101827	2640.86869237846	773.313122704799	0	0	0	0	0	0	0	0	0	0.0568308152845311	0.0350336655135588	0.00600537300215228
140	109636.355472157	54792.7155404017	4856.59886259862	0	0	0	0	0	0	0	0	0	679.809742916954	375.102168908415	48.6042135273194	45805.2148104552	24042.9807054675	2684.05578298255	0	0	0	0	0	0	0	0	0	70.8623127451365	39.2849461771484	5.16255932573405	3672.80091012437	2640.85639544998	773.310637125855	0	0	0	0	0	0	0	0	0	0.0552939163120239	0.0340248557065415	0.00580060503422261
141	109669.083568746	54806.8384490175	4857.72753846259	0	0	0	0	0	0	0	0	0	647.079744928496	360.991946853748	47.4783565406487	45805.3298986047	24043.0474138906	2684.06534090624	0	0	0	0	0	0	0	0	0	66.9281585580318	37.4638778265553	4.97834362094722	3672.81438245894	2640.86609802841	773.312873505763	0	0	0	0	0	0	0	0	0	0.0406218697185146	0.0247551730174683	0.00409967929408073
142	109622.394926631	54789.2325958372	4857.5705326467	0	0	0	0	0	0	0	0	0	694.038285244202	378.702037112902	47.6369631833248	45805.2765479905	24043.0163256931	2684.06091700856	0	0	0	0	0	0	0	0	0	70.5594855865437	38.5792103304826	4.88275814682073	3672.80997365512	2640.86275872553	773.312039484397	0	0	0	0	0	0	0	0	0	0.0154426531140345	0.00929357905633245	0.00149485732890032
143	109645.023006231	54798.7560606109	4858.24879239311	0	0	0	0	0	0	0	0	0	671.389893435451	369.181901402402	46.9613263387607	45805.2563240577	24043.0067209936	2684.0605060652	0	0	0	0	0	0	0	0	0	68.4374868753802	37.7174379083593	4.83136001008443	3672.84316680752	2640.88219496541	773.314923820841	0	0	0	0	0	0	0	0	0	0.0175363927314067	0.0106751516851244	0.00176702824603908
144	109651.677756801	54791.5792079144	4852.97331666731	0	0	0	0	0	0	0	0	0	664.979404254356	376.569246753625	52.2954556304133	45805.1536420309	24042.9414322084	2684.04776354627	0	0	0	0	0	0	0	0	0	69.7110511502031	39.6370455578579	5.56710828971445	3672.8148226007	2640.86510032247	773.311858049707	0	0	0	0	0	0	0	0	0	0.0403234207373197	0.0249125517687969	0.00429126080076363
145	109631.223278886	54788.4681147542	4855.90233323255	0	0	0	0	0	0	0	0	0	685.040964227953	379.409978995591	49.3089300695485	45805.2507917846	24042.998440781	2684.05701162979	0	0	0	0	0	0	0	0	0	71.6321362811242	39.860650611209	5.25442630439716	3672.8333295512	2640.87810352744	773.314988744592	0	0	0	0	0	0	0	0	0	0.0673375369372696	0.0411239116998858	0.00686372875026042
146	109625.355767985	54782.5505474415	4853.86625083991	0	0	0	0	0	0	0	0	0	691.265638885214	385.544685627655	51.382839887298	45805.2081575724	24042.9727661334	2684.05196040532	0	0	0	0	0	0	0	0	0	71.6677206226874	40.1186282368811	5.40387918927714	3672.75512013163	2640.83034299783	773.307194517493	0	0	0	0	0	0	0	0	0	0.0348101655752648	0.0213693658758475	0.00362083079151752
147	109609.830574761	54785.7669531856	4859.03668211804	0	0	0	0	0	0	0	0	0	706.517813069773	382.11004654995	46.1571946754454	45805.1099061412	24042.9198261483	2684.04617599206	0	0	0	0	0	0	0	0	0	72.3161467678161	39.2278862854217	4.78438500530848	3672.84392400652	2640.88221293498	773.314406096707	0	0	0	0	0	0	0	0	0	0.0387663680840114	0.0233702674007634	0.00374870378131259
148	109649.080414699	54786.7058032766	4851.36100018587	0	0	0	0	0	0	0	0	0	667.392370045468	381.354749018008	53.8987091121426	45805.2127859938	24042.9791200514	2684.05533589554	0	0	0	0	0	0	0	0	0	71.2856303113146	40.9380165578727	5.86825743469826	3672.7830877703	2640.84728351577	773.309856518256	0	0	0	0	0	0	0	0	0	0.0771193178287372	0.0477522433773241	0.00826417613809904
149	109573.345253849	54761.6471385388	4853.9511158582	0	0	0	0	0	0	0	0	0	743.226144452651	406.370978121791	51.2689939263922	45805.2197872295	24042.9822265592	2684.05554771376	0	0	0	0	0	0	0	0	0	76.9104943097453	42.2185418407906	5.39063434919886	3672.83078783826	2640.87657034992	773.314743749166	0	0	0	0	0	0	0	0	0	0.0604614308413243	0.0365196466073795	0.005925481922227
150	109609.525109726	54788.5116392055	4860.12870433041	0	0	0	0	0	0	0	0	0	706.447849733992	379.13296879021	45.0261821129147	45805.3706733372	24043.0750307535	2684.07103456946	0	0	0	0	0	0	0	0	0	72.0681640501804	38.7783972347935	4.64445501300239	3672.83059189821	2640.87615994466	773.314597245076	0	0	0	0	0	0	0	0	0	0.0359393368847007	0.0215385578535547	0.00341379657568276
151	109565.444864862	54755.7829007659	4852.62540197325	0	0	0	0	0	0	0	0	0	751.172939045403	412.274445802611	52.6050655624023	45805.2230186242	24042.9846887374	2684.05594382162	0	0	0	0	0	0	0	0	0	78.6627426385059	43.4068248296331	5.6297486006318	3672.78426583816	2640.84762510681	773.309734683857	0	0	0	0	0	0	0	0	0	0.0801440939104407	0.0491748872316316	0.00831419149574898
152	109674.004467504	54813.4937290552	4859.69907353026	0	0	0	0	0	0	0	0	0	641.94040667056	354.19073739823	45.4803088067583	45805.3205971985	24043.0429407148	2684.06509919828	0	0	0	0	0	0	0	0	0	65.7825140169772	36.3963196680432	4.713349824523	3672.84557449149	2640.88519701085	773.316072371766	0	0	0	0	0	0	0	0	0	0.0265504765804089	0.0161656907760135	0.0026723904127895
153	109665.60745525	54813.3294164636	4861.01201683665	0	0	0	0	0	0	0	0	0	650.692149089809	354.535261258187	44.1873911107952	45805.1227675439	24042.9270667066	2684.04709976017	0	0	0	0	0	0	0	0	0	66.6916306813838	36.4514794793322	4.58757972454439	3672.84173815693	2640.88229447158	773.315021628768	0	0	0	0	0	0	0	0	0	0.0299115180183523	0.0182240131651066	0.00302550580814862
154	109665.705671472	54815.0927606226	4861.9266542052	0	0	0	0	0	0	0	0	0	650.166006287229	352.523490467079	43.23511599188	45805.2596506861	24043.0037483357	2684.05790928159	0	0	0	0	0	0	0	0	0	65.8223046822866	35.7497979575277	4.40818155413985	3672.86497058767	2640.89630002221	773.317574195525	0	0	0	0	0	0	0	0	0	0.0110038736124573	0.00668565845934974	0.00110093756137103
155	109667.54793281	54808.272571898	4858.07076264035	0	0	0	0	0	0	0	0	0	648.519341755249	359.491409859484	47.1251584465249	45805.3245624669	24043.0445403839	2684.06503761558	0	0	0	0	0	0	0	0	0	66.8016922774063	37.1464323804422	4.91450458911801	3672.82085154144	2640.86978744999	773.313384746382	0	0	0	0	0	0	0	0	0	0.0306878283918922	0.0186556856685873	0.00308032188985486
156	109688.015296544	54816.7744321851	4858.16061835065	0	0	0	0	0	0	0	0	0	628.05659837332	351.009192840963	47.043933197168	45805.217273477	24042.9806862221	2684.05525720616	0	0	0	0	0	0	0	0	0	64.8668163273991	36.3730517789945	4.92184483733801	3672.85937059737	2640.89409782555	773.317694449898	0	0	0	0	0	0	0	0	0	0.0264554434846036	0.0163306704230724	0.00280516288598996
157	109636.661120146	54804.683752904	4862.59891832571	0	0	0	0	0	0	0	0	0	679.481893512208	363.048347874945	42.5658245307492	45805.359974903	24043.062161431	2684.0664933936	0	0	0	0	0	0	0	0	0	68.8431741597352	36.8529316576285	4.34793791924436	3672.86254426388	2640.89421603797	773.316983524291	0	0	0	0	0	0	0	0	0	0.0208767920699154	0.0125573133484611	0.00201158100750809
158	109547.671311305	54752.0052366499	4854.58747596435	0	0	0	0	0	0	0	0	0	769.034996243892	416.060640342253	50.6278324238208	45805.3142920723	24043.0402559715	2684.06520049643	0	0	0	0	0	0	0	0	0	78.8976632554094	42.8162540033274	5.26059742165363	3672.75699802642	2640.83138621185	773.307292344199	0	0	0	0	0	0	0	0	0	0.0494953075655955	0.0294746477680083	0.00458653270064652
159	109609.368009992	54789.8385511676	4860.83893957488	0	0	0	0	0	0	0	0	0	706.824811691505	377.926199589318	44.3322117693652	45805.2983354681	24043.02862399	2684.06169406984	0	0	0	0	0	0	0	0	0	72.1266375301945	38.6630090800903	4.57276082171367	3672.82381091197	2640.87039849255	773.312869457915	0	0	0	0	0	0	0	0	0	0.0469910356442725	0.0277797226259593	0.00423600639438863
160	109663.305294256	54812.8368674025	4861.42235323561	0	0	0	0	0	0	0	0	0	652.999478817845	355.020249953453	43.7704269587432	45805.2835832053	24043.0213621281	2684.06195028573	0	0	0	0	0	0	0	0	0	67.0967096121087	36.6014202167423	4.56049262411171	3672.82147289865	2640.87021216131	773.313440618226	0	0	0	0	0	0	0	0	0	0.04236670371301	0.0255672332992024	0.00413510750340688
161	109612.149748433	54793.8474128737	4862.03725472885	0	0	0	0	0	0	0	0	0	704.056245042313	373.903669497921	43.1244792957433	45805.3524572746	24043.0630898357	2684.0687101571	0	0	0	0	0	0	0	0	0	71.7414338150791	38.1939232675286	4.44059480663071	3672.8415992775	2640.88217141527	773.315298637277	0	0	0	0	0	0	0	0	0	0.0442091884376702	0.0260793611488269	0.00394683110201959
162	109596.217327362	54785.9813160753	4861.54394366705	0	0	0	0	0	0	0	0	0	719.927013795635	381.736301713866	43.6124010920624	45805.2839006229	24043.021699502	2684.06212445022	0	0	0	0	0	0	0	0	0	72.9562076615272	38.7525818022721	4.4531257687459	3672.83903739123	2640.88269800174	773.316269207111	0	0	0	0	0	0	0	0	0	0.0309106189127103	0.0182325080510846	0.00275586062664701
163	109612.445334569	54787.8269512388	4859.04031256307	0	0	0	0	0	0	0	0	0	703.991619416284	380.090594283958	46.1571751726371	45805.2610870052	24043.0068715381	2684.05927634597	0	0	0	0	0	0	0	0	0	72.0209561130892	39.0018793185069	4.78179734054898	3672.81309016119	2640.86489925086	773.312484801319	0	0	0	0	0	0	0	0	0	0.0363267941713497	0.0220356534739934	0.00361561636978199
164	109615.76737917	54794.05758068	4861.55761426411	0	0	0	0	0	0	0	0	0	700.148189376359	373.550482520187	43.5915558983998	45805.319103797	24043.0397761099	2684.06373065298	0	0	0	0	0	0	0	0	0	71.690783397963	38.3687276217732	4.52339019334501	3672.87274236105	2640.90075276937	773.318171874167	0	0	0	0	0	0	0	0	0	0.0553670567416537	0.033105958969565	0.00521535323546769
165	109614.206310484	54785.9223457603	4858.03868813771	0	0	0	0	0	0	0	0	0	702.263916335341	382.033060693795	47.1692428531225	45805.2197991308	24042.9810378124	2684.05482714799	0	0	0	0	0	0	0	0	0	72.1470062127672	39.3834129780176	4.91605193236732	3672.82703773501	2640.87360499741	773.313958968147	0	0	0	0	0	0	0	0	0	0.0392672988808731	0.0240062987554281	0.00401631371729853
166	109636.912770632	54794.742808111	4857.65058912925	0	0	0	0	0	0	0	0	0	679.501505088418	373.205151999516	47.56671323674	45805.0363045842	24042.8750195888	2684.03885491523	0	0	0	0	0	0	0	0	0	69.5936533826758	38.3326937293239	4.92850556341568	3672.83258943989	2640.87691580974	773.314178965587	0	0	0	0	0	0	0	0	0	0.0232414516264438	0.014225408292045	0.00239009232015359
167	109634.960635351	54798.4426326497	4859.73606561381	0	0	0	0	0	0	0	0	0	681.006888589699	369.224266630523	45.4320782819959	45805.3340980618	24043.0498524758	2684.06578103895	0	0	0	0	0	0	0	0	0	69.4445346654155	37.7443298196749	4.68025446744099	3672.8183451952	2640.86823240753	773.313091287938	0	0	0	0	0	0	0	0	0	0.0262575820428955	0.0158257142504169	0.0025537405409872
168	109633.935701935	54793.7613769436	4857.71982692367	0	0	0	0	0	0	0	0	0	682.141638381854	373.991575118584	47.468656508656	45805.3057424724	24043.0317567207	2684.06245134838	0	0	0	0	0	0	0	0	0	70.9794846460419	39.0941027608128	5.03167121919861	3672.81661450781	2640.86659084783	773.312540494039	0	0	0	0	0	0	0	0	0	0.0628076841475712	0.0381927260136548	0.00630644947627686
