S01	S02	S03	E01	E02	E03	I01	I02	I03	Y01	Y02	Y03	R01	R02	R03	S11	S12	S13	E11	E12	E13	I11	I12	I13	Y11	Y12	Y13	R11	R12	R13	S21	S22	S23	E21	E22	E23	I21	I22	I23	Y21	Y22	Y23	R21	R22	R23
1	109353.991561397	54828.3022046456	5077.81196042567	0	0	0	0	0	0	0	0	0	715.138354927002	392.750078108686	50.0573548450709	46003.3360522538	24175.1331960959	2703.83078988554	0	0	0	0	0	0	0	0	0	74.596158528427	41.1666288265637	5.32469548190625	3722.09376911681	2455.6682269132	530.890740670593	0	0	0	0	0	0	0	0	0	0.0674904260497579	0.0412948823631073	0.00693408134843749
2	109457.131881818	54885.057149284	5085.3676596377	0	0	0	0	0	0	0	0	0	611.326382765689	335.619999894292	42.4500400971146	46003.4297336339	24175.186314555	2703.83796613772	0	0	0	0	0	0	0	0	0	63.1803530460013	34.8211584653674	4.45791703139784	3722.11748528081	2455.68347635508	530.893591426275	0	0	0	0	0	0	0	0	0	0.0437589273965531	0.0267497459273491	0.00447183051747749
3	109372.227616654	54848.3860335428	5084.07764554747	0	0	0	0	0	0	0	0	0	696.333417329902	372.294686999114	43.722540319794	46003.4585036227	24175.2047834745	2703.84136186234	0	0	0	0	0	0	0	0	0	70.9278595131432	38.0152785753277	4.50057982555915	3722.11640034381	2455.68201662516	530.893010731048	0	0	0	0	0	0	0	0	0	0.036578195530626	0.0218535202568387	0.00342989652056844
4	109292.84712661	54800.3994352383	5076.47961670265	0	0	0	0	0	0	0	0	0	776.533255589299	420.754736328605	51.3887397076195	46003.3773615876	24175.152144882	2703.83105496651	0	0	0	0	0	0	0	0	0	79.7460214872421	43.35458229982	5.35186155892142	3722.1568363839	2455.71036242595	530.899583969699	0	0	0	0	0	0	0	0	0	0.0476742533170429	0.028854343578305	0.00469921568066831
5	109357.236765738	54839.9867626008	5082.88370843877	0	0	0	0	0	0	0	0	0	711.668729702649	380.879109573587	44.9388355158517	46003.448622401	24175.1973305095	2703.83968222321	0	0	0	0	0	0	0	0	0	71.7720090369526	38.4584728510598	4.55554261336797	3722.11126169291	2455.67986033843	530.893086174867	0	0	0	0	0	0	0	0	0	0.010684456291609	0.0063686328305593	0.00099531246147729
6	109327.632565639	54820.8518386972	5079.65153822851	0	0	0	0	0	0	0	0	0	741.515586830365	400.172069652987	48.1985595229616	46003.2691484738	24175.0958158913	2703.82605599099	0	0	0	0	0	0	0	0	0	76.7171342592664	41.5816679284603	5.07868949911866	3722.10222965232	2455.67466282656	530.892333217814	0	0	0	0	0	0	0	0	0	0.0721387883444154	0.0436033620319804	0.0070542603891415
7	109298.656963413	54797.3426244708	5073.99235393255	0	0	0	0	0	0	0	0	0	770.783961046939	423.875476188678	53.8940258326213	46003.3269327181	24175.126318104	2703.82880727481	0	0	0	0	0	0	0	0	0	78.6862516230835	43.3738497461729	5.55490255647806	3722.16386807097	2455.71420396856	530.900002385974	0	0	0	0	0	0	0	0	0	0.0198096624504691	0.0119538732362672	0.00193163424249722
8	109480.390403648	54891.6020005347	5083.69474464314	0	0	0	0	0	0	0	0	0	588.054034128255	329.09994636947	44.1387101347727	46003.3499677898	24175.144627903	2703.83383563725	0	0	0	0	0	0	0	0	0	60.2988755253975	33.8310750049188	4.57084625727288	3722.03113352791	2455.63148617338	530.885416376468	0	0	0	0	0	0	0	0	0	0.017214082028517	0.0105803733020489	0.00179784558206623
9	109277.914334516	54793.9846779138	5076.269501661	0	0	0	0	0	0	0	0	0	791.46148334758	427.159940776959	51.5953515048836	46003.392899859	24175.1649373697	2703.83489760745	0	0	0	0	0	0	0	0	0	81.5774762684053	44.2014640892843	5.40688106767422	3722.11754781443	2455.68384223024	530.893733225805	0	0	0	0	0	0	0	0	0	0.0588744543870545	0.035822711461101	0.00591840771926111
10	109363.435726365	54832.4832776802	5078.05469143487	0	0	0	0	0	0	0	0	0	705.645098896364	388.543357953866	49.8112282379938	46003.3587832184	24175.1432923385	2703.83111107471	0	0	0	0	0	0	0	0	0	72.2087904700355	39.8654311737483	5.15202079379692	3722.12277905093	2455.68761547051	530.89464819471	0	0	0	0	0	0	0	0	0	0.0220829107928501	0.0134534509066225	0.00223369992051457
11	109333.658084761	54816.3670237076	5075.84731519886	0	0	0	0	0	0	0	0	0	735.475047326218	404.687481670748	52.0233744784528	46003.4509232013	24175.198825342	2703.83979259489	0	0	0	0	0	0	0	0	0	76.3862297622743	42.2089253115471	5.49493307850809	3722.08894481619	2455.66649086114	530.89100896319	0	0	0	0	0	0	0	0	0	0.0540520603920312	0.0329095733506309	0.00545629414991454
12	109309.59373957	54810.2129356284	5077.68666595189	0	0	0	0	0	0	0	0	0	759.305120613498	410.673031602153	50.1476070474242	46003.4400184193	24175.1895797586	2703.83686910297	0	0	0	0	0	0	0	0	0	77.6587932577733	42.1236047590607	5.19080101278597	3722.15273832512	2455.7071444697	530.89875353064	0	0	0	0	0	0	0	0	0	0.0354697198709539	0.0214779698136194	0.00350719116826899
13	109443.353321764	54889.7899246759	5090.2447544094	0	0	0	0	0	0	0	0	0	625.077803656368	330.80113580715	37.5368698934058	46003.4859306834	24175.221487523	2703.84408016474	0	0	0	0	0	0	0	0	0	63.0893609317341	33.4312117315525	3.80978349036798	3722.10490576633	2455.67596267179	530.892457857462	0	0	0	0	0	0	0	0	0	0.0201661220222959	0.0118330350927045	0.00176319104970415
14	109330.050142674	54815.6956056755	5076.190283257	0	0	0	0	0	0	0	0	0	739.209940737085	405.421419666385	51.6857135449588	46003.3045322782	24175.1087645571	2703.82436970134	0	0	0	0	0	0	0	0	0	75.9863931463507	41.8061494027357	5.38001626731704	3722.17444886628	2455.721480541	530.901531863656	0	0	0	0	0	0	0	0	0	0.0350122193001394	0.0211532184079779	0.00343653997192142
15	109338.16530382	54824.1255198007	5078.71472377151	0	0	0	0	0	0	0	0	0	730.962560109795	396.898131075359	49.1419876636174	46003.3714631499	24175.153037214	2703.83328371842	0	0	0	0	0	0	0	0	0	75.9467221248815	41.4340687951258	5.2061506344695	3722.12573598206	2455.68878074513	530.894525053315	0	0	0	0	0	0	0	0	0	0.0741074525574856	0.0449273450603448	0.00735298316783357
16	109346.408249863	54830.1217584817	5079.94796586797	0	0	0	0	0	0	0	0	0	722.52823705444	390.78581637913	47.8900005607615	46003.4313062786	24175.189557152	2703.83937313585	0	0	0	0	0	0	0	0	0	73.9555913258374	40.1200395257225	4.96290986260295	3722.06896904643	2455.65467941176	530.889223671942	0	0	0	0	0	0	0	0	0	0.0351928993393102	0.0212320094515525	0.0034328758802956
17	109320.382606955	54812.4874131432	5077.05627965856	0	0	0	0	0	0	0	0	0	748.776854490104	408.564415873238	50.8054007564845	46003.3749012276	24175.1517873991	2703.83195902479	0	0	0	0	0	0	0	0	0	77.0781219310679	42.2053298275521	5.30685423051874	3722.11232751258	2455.68159150645	530.893803314375	0	0	0	0	0	0	0	0	0	0.0432561875957086	0.0263873519881188	0.00438589462482553
18	109405.849166447	54854.5707377442	5080.12523542241	0	0	0	0	0	0	0	0	0	663.201404310773	366.446342897343	47.7437725635419	46003.3630195467	24175.1473288991	2703.83225097661	0	0	0	0	0	0	0	0	0	68.3049540530253	37.866389703362	4.9817027070658	3722.14880622395	2455.70232259775	530.896544022141	0	0	0	0	0	0	0	0	0	0.0283695834780849	0.017316661252287	0.00289149768870002
19	109371.162502249	54844.0288892546	5082.2267386092	0	0	0	0	0	0	0	0	0	697.49080367432	376.721016478918	45.5885248779587	46003.4576579783	24175.204495451	2703.84136331009	0	0	0	0	0	0	0	0	0	71.2694193225288	38.5990056619964	4.71206390107156	3722.09273254105	2455.66897787737	530.891447309945	0	0	0	0	0	0	0	0	0	0.0353857416172721	0.0212798386119306	0.00340819630703132
20	109311.16418303	54815.7370857796	5080.10939121021	0	0	0	0	0	0	0	0	0	757.838486350879	405.176328838163	47.7169389150699	46003.4081419672	24175.1767217639	2703.83783188899	0	0	0	0	0	0	0	0	0	76.5167525620622	40.96411052966	4.84515317317294	3722.12837090829	2455.69153170814	530.895542489466	0	0	0	0	0	0	0	0	0	0.0132111480322372	0.00784244558737726	0.00121158286399626
21	109347.405584042	54833.7976213268	5081.75517415248	0	0	0	0	0	0	0	0	0	722.01749944	387.352901947218	46.103448849136	46003.3321754195	24175.1302684713	2703.82977663954	0	0	0	0	0	0	0	0	0	73.3997905530257	39.4628755337975	4.7292499096677	3722.18070521381	2455.72466429458	530.901817986051	0	0	0	0	0	0	0	0	0	0.0295747185783941	0.0175326114349201	0.00270001606448609
22	109352.985664096	54829.9838339108	5078.73105126639	0	0	0	0	0	0	0	0	0	715.857524776822	390.890817437086	49.1088382200921	46003.4493499947	24175.1992283927	2703.84041159692	0	0	0	0	0	0	0	0	0	73.4446610865451	40.2255097571801	5.1004619903319	3722.11529500088	2455.68155262605	530.893025454149	0	0	0	0	0	0	0	0	0	0.0384075954217148	0.0231993390624857	0.00376687849922682
23	109417.152024346	54868.6427530166	5084.85642851714	0	0	0	0	0	0	0	0	0	651.119636366584	351.899720231093	42.9344582822928	46003.4045678947	24175.1672112157	2703.83288985872	0	0	0	0	0	0	0	0	0	66.2256539756271	35.8698515350067	4.40621768202342	3722.17910965415	2455.72528492163	530.902596464387	0	0	0	0	0	0	0	0	0	0.02346169797101	0.0140382058110077	0.0022197579626024
24	109472.549636654	54897.7436951986	5088.0581782231	0	0	0	0	0	0	0	0	0	595.807442603259	322.849717682664	39.7406667057748	46003.4405562184	24175.1939481566	2703.83960335988	0	0	0	0	0	0	0	0	0	60.5840793153077	32.9015576111011	4.07798860264987	3722.12994417282	2455.69223989896	530.89550995226	0	0	0	0	0	0	0	0	0	0.0211764332222706	0.012746263929971	0.00205119642179691
25	109286.575560906	54791.2985518688	5072.9243134043	0	0	0	0	0	0	0	0	0	782.908554918184	429.950003549046	54.9716496611311	46003.3712020126	24175.1518882271	2703.8327169414	0	0	0	0	0	0	0	0	0	81.8658009013657	45.1895299121042	5.86770205307677	3722.08909400411	2455.66683678101	530.891093559932	0	0	0	0	0	0	0	0	0	0.0742901146150512	0.0455207730854365	0.00767630588490717
26	109363.874874965	54823.791625748	5073.53015961947	0	0	0	0	0	0	0	0	0	705.313599030808	397.347760895812	54.3706317706087	46003.2521050604	24175.0817645285	2703.82230345124	0	0	0	0	0	0	0	0	0	73.3263917002746	41.4569636997217	5.73037892546606	3722.1228004382	2455.68717581648	530.894384697862	0	0	0	0	0	0	0	0	0	0.0301505776084759	0.0186707308321059	0.00323360961317776
27	109476.33865623	54893.0482563215	5085.02885225464	0	0	0	0	0	0	0	0	0	592.023471477866	327.589862713271	42.7912665904532	46003.4539803014	24175.199191586	2703.83926405249	0	0	0	0	0	0	0	0	0	61.285330092282	34.0459556802896	4.49981789721012	3722.10783513638	2455.67836243722	530.893052883248	0	0	0	0	0	0	0	0	0	0.0381631124157178	0.0235580887325253	0.00404863041349336
28	109398.753457701	54844.2224779716	5076.82468570072	0	0	0	0	0	0	0	0	0	670.088369269752	376.712063251331	51.0436856941567	46003.4884690358	24175.2221070828	2703.84378805193	0	0	0	0	0	0	0	0	0	69.9320074546617	39.4710199260782	5.4102796609079	3722.10044204533	2455.67323807293	530.891988029016	0	0	0	0	0	0	0	0	0	0.0432126317433523	0.026592558763821	0.00453090600899704
29	109385.430231933	54845.171799499	5079.51725564492	0	0	0	0	0	0	0	0	0	683.593366059412	375.825168078592	48.34762126129	46003.3546804159	24175.1397422634	2703.83008916914	0	0	0	0	0	0	0	0	0	70.7733995242425	39.0624755370418	5.08365974262075	3722.10424410074	2455.6760788701	530.892630837645	0	0	0	0	0	0	0	0	0	0.0479613246575059	0.0291697437464142	0.00482970267766662
30	109401.733607358	54862.1185534427	5084.84112312792	0	0	0	0	0	0	0	0	0	666.575100296321	358.436306359855	42.9477547186221	46003.4118288174	24175.1787263933	2703.83804044008	0	0	0	0	0	0	0	0	0	68.4262264180668	36.9192651412341	4.47174051620398	3722.13182939207	2455.69276510233	530.895309685239	0	0	0	0	0	0	0	0	0	0.0516837177665852	0.031086861777976	0.004986115270902
31	109299.899563301	54808.8302927431	5079.03858045923	0	0	0	0	0	0	0	0	0	769.240988677015	412.158876332709	48.797284619936	46003.5135074236	24175.2395839546	2703.84750956898	0	0	0	0	0	0	0	0	0	78.5506690925191	42.2004419653432	5.03944362016808	3722.12461843397	2455.6889826438	530.894969121845	0	0	0	0	0	0	0	0	0	0.0438604270849537	0.0260168595107164	0.00400396542960018
32	109361.703401921	54832.277208079	5078.16935099342	0	0	0	0	0	0	0	0	0	707.117895448461	388.598874505454	49.6750461874553	46003.4466231914	24175.198577636	2703.84071262925	0	0	0	0	0	0	0	0	0	72.9190237787859	40.2170779199892	5.19722590384045	3722.08160060763	2455.66337499756	530.891015912118	0	0	0	0	0	0	0	0	0	0.0388314928015776	0.0237314166932554	0.00396890698605915
33	109382.860415016	54853.132708549	5084.2467270482	0	0	0	0	0	0	0	0	0	685.818536206464	367.618478140906	43.5643613143775	46003.3976367265	24175.169148122	2703.83612612773	0	0	0	0	0	0	0	0	0	70.7508578680624	38.0746033666899	4.56957564241076	3722.12900044233	2455.69163025479	530.895344544063	0	0	0	0	0	0	0	0	0	0.0747358895161767	0.0445869833531975	0.00697025488848671
34	109322.965049587	54816.481461842	5078.01844390164	0	0	0	0	0	0	0	0	0	746.283812996129	404.601425784977	49.8424518715261	46003.348790238	24175.1423511506	2703.83286880756	0	0	0	0	0	0	0	0	0	75.9147250709623	41.2508181617696	5.11771672744918	3722.10654705364	2455.67794563844	530.893160347226	0	0	0	0	0	0	0	0	0	0.0184352882951144	0.0111833609365151	0.00183360772960287
35	109316.63758313	54811.3760284373	5076.84583464717	0	0	0	0	0	0	0	0	0	752.65221963347	409.748159395948	51.0276185015054	46003.3698591259	24175.149853195	2703.83195725624	0	0	0	0	0	0	0	0	0	79.2433295757145	43.4076974556656	5.50954434160358	3722.0715774492	2455.65610306057	530.889298197003	0	0	0	0	0	0	0	0	0	0.116232424462137	0.0705580218681402	0.0115847930120072
36	109418.416284123	54850.5310022931	5076.12658327507	0	0	0	0	0	0	0	0	0	650.477893010097	370.459440185623	51.7579061992372	46003.3583883468	24175.1469752424	2703.83301346469	0	0	0	0	0	0	0	0	0	67.7029268092973	38.6813829161906	5.45401338360542	3722.06457731908	2455.65277076115	530.889263209754	0	0	0	0	0	0	0	0	0	0.0266542696121268	0.0165087000570588	0.00285665936269645
37	109322.243101303	54802.8012955388	5071.95972606987	0	0	0	0	0	0	0	0	0	747.306311060238	418.523644298723	55.9575209978607	46003.3492922279	24175.1442001024	2703.83369900729	0	0	0	0	0	0	0	0	0	77.4456099560574	43.5218016005705	5.87827730172459	3722.032923996	2455.63308377893	530.885885211377	0	0	0	0	0	0	0	0	0	0.0319550682029643	0.0196155786350217	0.00331680649096018
38	109364.648884692	54817.4873930474	5070.42750298732	0	0	0	0	0	0	0	0	0	704.188048600781	403.48817723806	57.4627797644985	46003.3357969541	24175.1283369098	2703.82829259274	0	0	0	0	0	0	0	0	0	74.5897166030576	42.9164680179217	6.18301030350209	3722.14208067488	2455.69846456981	530.89598653751	0	0	0	0	0	0	0	0	0	0.0502727350138081	0.0311575477534274	0.00540629895459847
39	109344.659013173	54832.8636095829	5082.06110073859	0	0	0	0	0	0	0	0	0	724.296024992155	388.033185712602	45.7658097798889	46003.4040656737	24175.1711421022	2703.83572967513	0	0	0	0	0	0	0	0	0	73.5217487083364	39.46764929466	4.68551875855893	3722.1301304175	2455.69206862187	530.89536165332	0	0	0	0	0	0	0	0	0	0.025968759437292	0.015519365090654	0.00243890556666502
40	109375.820417375	54836.4917352977	5077.58616755546	0	0	0	0	0	0	0	0	0	693.42914391748	384.643484461128	50.2987584535852	46003.2102109517	24175.0616457937	2703.82111418596	0	0	0	0	0	0	0	0	0	71.2925242105292	39.6663927819561	5.23458196076214	3722.15115896905	2455.70453903166	530.897245246235	0	0	0	0	0	0	0	0	0	0.0250462378618501	0.0154171557800098	0.00262739972382172
41	109420.493155413	54866.6890211961	5083.40675136394	0	0	0	0	0	0	0	0	0	648.512103275005	354.281712402074	44.4471718096683	46003.3873908581	24175.1607812109	2703.83393118904	0	0	0	0	0	0	0	0	0	67.2624246092419	36.9095708427275	4.69490939703685	3722.12539672643	2455.68872154112	530.894568972266	0	0	0	0	0	0	0	0	0	0.0525828571372182	0.0321054652757725	0.0053576273537928
42	109391.536282035	54853.6913164997	5083.03955214408	0	0	0	0	0	0	0	0	0	677.290603299685	367.164940101044	44.7920374259428	46003.267440363	24175.0935599402	2703.82523952665	0	0	0	0	0	0	0	0	0	69.0476887763979	37.5267675090787	4.61561733178764	3722.1260378659	2455.69013160377	530.895287669927	0	0	0	0	0	0	0	0	0	0.0239058779483821	0.0145145831695041	0.00238070473207544
43	109419.694110213	54860.6883004506	5080.55799489228	0	0	0	0	0	0	0	0	0	648.979569841198	360.123740476987	47.2843604903868	46003.3610806993	24175.1466344837	2703.83188941506	0	0	0	0	0	0	0	0	0	66.523224651153	37.0159138138714	4.89994149009147	3722.1574008638	2455.70950882958	530.898940329213	0	0	0	0	0	0	0	0	0	0.0191704466534578	0.01180942884936	0.00201760706222118
44	109461.248814138	54876.1220008763	5079.84020795779	0	0	0	0	0	0	0	0	0	607.438818388454	344.745753219339	48.0270815563407	46003.4179860221	24175.1804763622	2703.8374593724	0	0	0	0	0	0	0	0	0	64.1783536501924	36.5964600681893	5.16686705121304	3722.11576115026	2455.68293578315	530.89368459041	0	0	0	0	0	0	0	0	0	0.05511316621234	0.0341963534733017	0.00595066230312173
45	109408.106136331	54866.3332703636	5085.84242906257	0	0	0	0	0	0	0	0	0	660.678505254899	354.475687818577	41.9750025994956	46003.3817836921	24175.160566951	2703.83511610822	0	0	0	0	0	0	0	0	0	66.8918238605003	35.9505350821012	4.28055044934601	3722.10922724789	2455.67940358807	530.893312864299	0	0	0	0	0	0	0	0	0	0.0189028103762173	0.0112679441677226	0.00175874601821994
46	109280.788531615	54795.722066907	5076.5608884919	0	0	0	0	0	0	0	0	0	788.520031890289	425.379366911692	51.2961454732382	46003.455563041	24175.2025461842	2703.84078164886	0	0	0	0	0	0	0	0	0	80.3864657028238	43.4732532024325	5.28406983668874	3722.09039098312	2455.66758102495	530.891247440892	0	0	0	0	0	0	0	0	0	0.0297829457019297	0.0178744241117131	0.00284053630528691
47	109423.161474504	54867.9327880631	5083.54233687847	0	0	0	0	0	0	0	0	0	645.353754148809	352.768737727221	44.2769676933005	46003.4051837273	24175.1717536579	2703.83579654121	0	0	0	0	0	0	0	0	0	66.6681614413921	36.5892551508128	4.65024230568732	3722.09603934353	2455.67159679498	530.892106525976	0	0	0	0	0	0	0	0	0	0.0466451023976648	0.0286149579614336	0.00483244476192039
48	109422.315096541	54865.7532947904	5082.56613677383	0	0	0	0	0	0	0	0	0	646.322323369063	355.028629418996	45.2689774474485	46003.3853171374	24175.1596064109	2703.83365470082	0	0	0	0	0	0	0	0	0	67.6000098692112	37.3297067904913	4.83726428903756	3722.11056842614	2455.67854312605	530.892450800359	0	0	0	0	0	0	0	0	0	0.0652601941027621	0.0400814058084126	0.0067910247294333
49	109426.74353492	54874.9320554758	5086.3569115977	0	0	0	0	0	0	0	0	0	642.052611905301	345.895493632828	41.466987862323	46003.2651304478	24175.0917283648	2703.82478623312	0	0	0	0	0	0	0	0	0	65.061697730039	35.1155909673114	4.2349937360023	3722.12922845464	2455.69232203483	530.895750401769	0	0	0	0	0	0	0	0	0	0.0173044568838947	0.0104343347290835	0.00168171512578868
50	109382.69911499	54853.0354060715	5084.27663626161	0	0	0	0	0	0	0	0	0	685.945695763435	367.696733791787	43.5317811286082	46003.4098996883	24175.1769061577	2703.83743186583	0	0	0	0	0	0	0	0	0	69.8173711980481	37.5142551856059	4.47568483737132	3722.10397255153	2455.67583765761	530.892585451567	0	0	0	0	0	0	0	0	0	0.0284570670514141	0.0170286543846947	0.00268577338287243
51	109399.286684586	54856.0909504944	5082.17134463949	0	0	0	0	0	0	0	0	0	669.24753802312	364.611303708963	45.6461687830443	46003.412038814	24175.1763563869	2703.83666531172	0	0	0	0	0	0	0	0	0	68.5396046477446	37.4555287734295	4.73355219508004	3722.13864130066	2455.69650558609	530.895756712301	0	0	0	0	0	0	0	0	0	0.027742166959778	0.016970310819331	0.00284935038485933
52	109360.492129868	54836.1419496922	5080.39651310641	0	0	0	0	0	0	0	0	0	708.550937836539	384.835340774717	47.4528999345065	46003.3721348436	24175.1531762683	2703.83335296286	0	0	0	0	0	0	0	0	0	72.6718877580135	39.5959164894011	4.93128078263889	3722.10896217875	2455.67865956684	530.892926600149	0	0	0	0	0	0	0	0	0	0.0367623927272919	0.0222126556185203	0.00359871440703597
53	109375.144334014	54838.7704106347	5078.50430925696	0	0	0	0	0	0	0	0	0	693.837978607623	382.205885989079	49.3579889761492	46003.3313716335	24175.1294211554	2703.82988667338	0	0	0	0	0	0	0	0	0	71.4989323995153	39.5208600441977	5.15596283690677	3722.07820835451	2455.66021954067	530.890078246318	0	0	0	0	0	0	0	0	0	0.035645495582119	0.0218637305228118	0.00369918612727534
54	109366.629946343	54839.7463792054	5080.72711617114	0	0	0	0	0	0	0	0	0	702.491560528054	381.266732106084	47.1254549822079	46003.4309035665	24175.1863765497	2703.8378290658	0	0	0	0	0	0	0	0	0	71.2299713321719	38.731652964516	4.81528989180764	3722.14120614672	2455.69815775069	530.896094391449	0	0	0	0	0	0	0	0	0	0.0129534786155354	0.00782816684707109	0.00127320046629544
55	109390.471684304	54836.9718818204	5075.05306512932	0	0	0	0	0	0	0	0	0	678.834497248258	384.245856389015	52.8607189562147	46003.2485692557	24175.081847712	2703.82316331865	0	0	0	0	0	0	0	0	0	71.5712141789227	40.6983108971112	5.67399085293783	3722.09867143576	2455.67213412355	530.891727906166	0	0	0	0	0	0	0	0	0	0.0540821855692757	0.0334268642349774	0.00575379181657679
56	109405.18481932	54848.559020703	5078.06105806894	0	0	0	0	0	0	0	0	0	663.920074260091	372.524969140488	49.8257134831228	46003.2904455772	24175.104701774	2703.8259635154	0	0	0	0	0	0	0	0	0	69.7094230074154	39.2922612786062	5.3278423952822	3722.11845328473	2455.68481090861	530.894058011665	0	0	0	0	0	0	0	0	0	0.0653626916077642	0.0400617869669676	0.00673676358795984
57	109411.143762193	54855.6139475382	5079.94791644188	0	0	0	0	0	0	0	0	0	657.687510519136	365.292731273327	47.9087526243841	46003.3950509455	24175.1660230486	2703.83501153578	0	0	0	0	0	0	0	0	0	68.4686659228735	38.1867711905872	5.07039756735767	3722.103378085	2455.67549474086	530.892499538445	0	0	0	0	0	0	0	0	0	0.0542884011385081	0.0330501212184821	0.00546744677208392
58	109348.766490017	54832.1485029676	5080.66892094895	0	0	0	0	0	0	0	0	0	720.012606512627	388.66319382861	47.1521690000016	46003.4699125975	24175.2136145245	2703.84352799577	0	0	0	0	0	0	0	0	0	73.2735350077274	39.6462745620498	4.84596160873697	3722.13194274767	2455.69315930498	530.895575832474	0	0	0	0	0	0	0	0	0	0.0237540841698101	0.014355317670694	0.00232862498333006
59	109275.874646181	54784.3886262583	5071.49409377159	0	0	0	0	0	0	0	0	0	793.98262658918	437.080849007734	56.4370401327157	46003.3082478831	24175.1119211345	2703.8256902278	0	0	0	0	0	0	0	0	0	83.9592216629467	46.5143917804502	6.12074140280126	3722.06577255659	2455.65211461198	530.888464853611	0	0	0	0	0	0	0	0	0	0.0911064313251658	0.0560858502538952	0.00957533002830735
60	109398.305915909	54862.833671989	5085.87440691657	0	0	0	0	0	0	0	0	0	669.915607983572	357.655437410469	41.8999420105795	46003.5975267776	24175.2838671401	2703.85208575223	0	0	0	0	0	0	0	0	0	67.6740067350133	36.1820114733739	4.25877349856377	3722.1292244239	2455.69115867673	530.895066576473	0	0	0	0	0	0	0	0	0	0.0154971690680897	0.00923159346478079	0.00143812112065848
61	109459.353401896	54875.8172979682	5080.56754953093	0	0	0	0	0	0	0	0	0	609.207329578456	344.977623735563	47.286930070332	46003.4866526329	24175.2182073471	2703.84206658806	0	0	0	0	0	0	0	0	0	63.5374662541466	36.112147321025	5.00434871000577	3722.02367247199	2455.62638566578	530.884345053215	0	0	0	0	0	0	0	0	0	0.0372009377295385	0.0230333915896397	0.00397837545169006
62	109292.788943863	54797.3962644156	5075.09213026275	0	0	0	0	0	0	0	0	0	776.557694976751	423.755135650003	52.7811398768439	46003.3668698987	24175.1497841413	2703.8326431325	0	0	0	0	0	0	0	0	0	80.0329577174585	43.8306683244327	5.52144077785546	3722.13556357385	2455.69598986707	530.896272712846	0	0	0	0	0	0	0	0	0	0.0462260525582226	0.0281030843298905	0.00463313364179811
63	109347.260572934	54825.9628447516	5078.19920836365	0	0	0	0	0	0	0	0	0	721.634652031546	394.947386471692	49.6463339378904	46003.452772746	24175.1987332831	2703.8392685022	0	0	0	0	0	0	0	0	0	75.0525844362157	41.2614173207791	5.25942197487136	3722.13262568222	2455.69372315163	530.895719236238	0	0	0	0	0	0	0	0	0	0.0686717183637054	0.0415668600087792	0.00676495434668034
64	109332.252505218	54822.2086818401	5079.31354869118	0	0	0	0	0	0	0	0	0	736.941869039925	398.843881796334	48.5421051912224	46003.3852561864	24175.1587384451	2703.83324481629	0	0	0	0	0	0	0	0	0	75.4297703162084	40.9448365439629	5.0305910463124	3722.11282454666	2455.68165423625	530.893731685492	0	0	0	0	0	0	0	0	0	0.038709639021916	0.0234380182950489	0.0038228393046248
65	109311.953414367	54808.3703691077	5076.49717458066	0	0	0	0	0	0	0	0	0	757.466662898056	412.82421621577	51.3831157648293	46003.1712273845	24175.0370540363	2703.81682138572	0	0	0	0	0	0	0	0	0	77.685070135537	42.4740739039426	5.33974099837542	3722.14392461297	2455.70034095942	530.89664359518	0	0	0	0	0	0	0	0	0	0.0313842462470596	0.0192094669169993	0.00322479542156395
66	109391.373105829	54847.6306210103	5079.68909485859	0	0	0	0	0	0	0	0	0	677.440828250945	373.246775386565	48.1576436588118	46003.2923164848	24175.105007025	2703.8252099254	0	0	0	0	0	0	0	0	0	69.3689682627307	38.3231749877985	4.98437614833886	3722.1475156887	2455.70562729553	530.899255426547	0	0	0	0	0	0	0	0	0	0.0225806146659329	0.0137116404937436	0.00225826090914258
67	109372.737301049	54848.3260653644	5083.88053233286	0	0	0	0	0	0	0	0	0	695.932877883737	372.416326027409	43.9281875806718	46003.4133734981	24175.1778903462	2703.83726015663	0	0	0	0	0	0	0	0	0	70.9744050172875	38.0793006177183	4.52945728284169	3722.10867787	2455.67900182042	530.893210708479	0	0	0	0	0	0	0	0	0	0.0380741100166884	0.0227356031971199	0.003566923266024
68	109372.147297471	54830.4055829305	5075.59638781809	0	0	0	0	0	0	0	0	0	696.628467414729	390.485137396176	52.2622056795834	46003.328259986	24175.1242989315	2703.82733733064	0	0	0	0	0	0	0	0	0	72.0362153678547	40.507434241574	5.47288697728717	3722.15740716355	2455.71199144138	530.900397036403	0	0	0	0	0	0	0	0	0	0.0301543047673917	0.0184671830754348	0.00310260189996585
69	109347.299870056	54828.0565810171	5079.12311403179	0	0	0	0	0	0	0	0	0	721.739738177873	392.929554427707	48.7314603797397	46003.3744938311	24175.1519487818	2703.83196687583	0	0	0	0	0	0	0	0	0	74.9499332895536	40.994269742877	5.1588175085074	3722.07145605228	2455.6563841391	530.889584047544	0	0	0	0	0	0	0	0	0	0.0646067980038028	0.0394546639152183	0.00658648837762988
70	109398.904354397	54842.8695965311	5076.3200609308	0	0	0	0	0	0	0	0	0	670.326997078694	378.296519322285	51.5830361162502	46003.3825773642	24175.1589720376	2703.83404666434	0	0	0	0	0	0	0	0	0	71.1425279611273	40.3624774097569	5.58997555038448	3722.12974145444	2455.6920672308	530.895396563724	0	0	0	0	0	0	0	0	0	0.0739276989453307	0.0456129292830022	0.00781532209160965
71	109374.253927624	54844.5514043029	5081.68428347785	0	0	0	0	0	0	0	0	0	694.409790413933	376.209243043594	46.1348466241058	46003.4184979812	24175.1780352977	2703.83576214202	0	0	0	0	0	0	0	0	0	70.4957954862998	38.269316220236	4.72286159663831	3722.14931129407	2455.70504864492	530.89843587521	0	0	0	0	0	0	0	0	0	0.0171716441627172	0.0104079486618097	0.00170307835334035
72	109323.413807893	54819.3122604357	5079.42431976445	0	0	0	0	0	0	0	0	0	745.342715848357	401.487719741433	48.3958649751721	46003.4205529641	24175.1846926707	2703.83925575361	0	0	0	0	0	0	0	0	0	76.7649127874909	41.5084693181718	5.06478255312386	3722.13708070423	2455.6944598234	530.894956421199	0	0	0	0	0	0	0	0	0	0.058621345028422	0.0354677868349754	0.0057781127226755
73	109363.893087351	54823.8280893258	5073.43323567808	0	0	0	0	0	0	0	0	0	705.307908245825	397.319029046478	54.469951362027	46003.453308243	24175.1985449196	2703.83905921711	0	0	0	0	0	0	0	0	0	74.8221056371406	42.3798608150319	5.90011898302407	3722.11598628157	2455.6831874589	530.893768108358	0	0	0	0	0	0	0	0	0	0.066164983273313	0.0409289204970603	0.00707013713104826
74	109415.193446294	54867.5060740367	5084.85047224589	0	0	0	0	0	0	0	0	0	653.814115137566	353.439208229886	42.990198164727	46003.3555314088	24175.1439365476	2703.83223797959	0	0	0	0	0	0	0	0	0	66.2804956127107	35.896982723979	4.39227275479006	3722.13336472137	2455.69374103456	530.895532405516	0	0	0	0	0	0	0	0	0	0.0165907588660557	0.0100046189066766	0.00161596927439567
75	109305.131475701	54799.2583095969	5073.03781091502	0	0	0	0	0	0	0	0	0	764.442234848919	422.057451275574	54.8739847862839	46003.3401290375	24175.1304836528	2703.82826547021	0	0	0	0	0	0	0	0	0	80.5127442221729	44.7117418294984	5.91438290668833	3722.08459101801	2455.66418330113	530.890704909769	0	0	0	0	0	0	0	0	0	0.0811760940660994	0.0500519127776238	0.00857877696430179
76	109394.99931836	54837.079661186	5073.86827884383	0	0	0	0	0	0	0	0	0	674.350751207211	384.181773546064	54.0606831384101	46003.3553279013	24175.1395440214	2703.8296051493	0	0	0	0	0	0	0	0	0	72.5153151819268	41.5533885485707	5.94295218465733	3722.0859716838	2455.66483094442	530.890765823449	0	0	0	0	0	0	0	0	0	0.0860794747711991	0.0533669699894474	0.00926804647758141
77	109339.720916922	54828.9279425291	5081.00216454791	0	0	0	0	0	0	0	0	0	729.357530983269	392.041695235348	46.8362757882417	46003.3759872221	24175.1539422828	2703.83241823104	0	0	0	0	0	0	0	0	0	74.0726531055348	39.8989916095543	4.79898609581743	3722.1614914979	2455.71252190777	530.899631829427	0	0	0	0	0	0	0	0	0	0.0225279232896508	0.0135082277564464	0.00214300247233242
78	109411.878024501	54860.78997396	5082.04908473004	0	0	0	0	0	0	0	0	0	656.933619819378	360.083537681366	45.7967450137962	46003.3504908328	24175.1405340882	2703.83146739998	0	0	0	0	0	0	0	0	0	68.3157245189644	37.6233474519254	4.85444268113242	3722.07449858552	2455.65797859116	530.889671766587	0	0	0	0	0	0	0	0	0	0.0517808182505332	0.0317981055945244	0.00538945663905354
79	109402.672547996	54857.1053094174	5082.39328227503	0	0	0	0	0	0	0	0	0	666.236705186768	363.814964822389	45.4538534658804	46003.1919076505	24175.049184484	2703.8186693826	0	0	0	0	0	0	0	0	0	68.9327620149174	37.8009278210375	4.78532096617754	3722.14390922856	2455.70014463492	530.896517238523	0	0	0	0	0	0	0	0	0	0.0487649812368074	0.0298308226422517	0.00499571328722611
80	109413.685084873	54865.9474941371	5084.3685611682	0	0	0	0	0	0	0	0	0	655.030444199586	354.841910369931	43.4540506856203	46003.4087109971	24175.1773287984	2703.83800359369	0	0	0	0	0	0	0	0	0	67.0256797760305	36.4181073150841	4.50221803224318	3722.11441628143	2455.68204856416	530.893553240156	0	0	0	0	0	0	0	0	0	0.0322702648823965	0.0195576159680356	0.00320052257152356
81	109348.968647309	54834.7162028435	5081.93309599946	0	0	0	0	0	0	0	0	0	719.746438386009	386.052933987949	45.879813907892	46003.3871533339	24175.1628252962	2703.8351414016	0	0	0	0	0	0	0	0	0	72.8063989019401	39.1151125565244	4.67329286953174	3722.14579228825	2455.70082197837	530.896455664002	0	0	0	0	0	0	0	0	0	0.0145210001257931	0.00877073467282945	0.00142214933929817
82	109412.284352394	54858.6596224864	5080.97811251401	0	0	0	0	0	0	0	0	0	656.109748741538	361.985021096735	46.8384654799969	46003.5119044419	24175.2338899513	2703.84477492255	0	0	0	0	0	0	0	0	0	66.7428454130531	36.896306321298	4.80244404854369	3722.12144937699	2455.68603824209	530.89407756641	0	0	0	0	0	0	0	0	0	0.010347085329508	0.00630954398202678	0.00105032619365089
83	109442.088883116	54877.3966202893	5084.84600749174	0	0	0	0	0	0	0	0	0	626.723079263119	343.473185813854	42.9939514803025	46003.3588490281	24175.1451729647	2703.8320232686	0	0	0	0	0	0	0	0	0	64.197686836488	35.2826291844278	4.45599715058723	3722.08240893015	2455.66365338607	530.891035855767	0	0	0	0	0	0	0	0	0	0.0314975413231326	0.0189962943379769	0.00305495459236054
84	109387.410894282	54847.0278378967	5080.25176875821	0	0	0	0	0	0	0	0	0	681.436140856589	373.868915382	47.598065538039	46003.3228684599	24175.1212362213	2703.82733384737	0	0	0	0	0	0	0	0	0	70.1309908459165	38.6092431829046	4.96682249453417	3722.10053332042	2455.67307616864	530.891882948928	0	0	0	0	0	0	0	0	0	0.0340904124023815	0.0208248260177254	0.00347952777485378
85	109325.843652947	54809.8537623774	5074.24886975792	0	0	0	0	0	0	0	0	0	743.383381203143	411.266347179326	53.6349688125069	46003.3830327268	24175.1593346383	2703.83416974245	0	0	0	0	0	0	0	0	0	76.8756591599509	42.6884170154992	5.62871853702035	3722.08064903885	2455.66113438214	530.889977373073	0	0	0	0	0	0	0	0	0	0.0368532266011314	0.0226663675988127	0.00385853874110692
86	109289.008571669	54791.9068949175	5072.73189980851	0	0	0	0	0	0	0	0	0	780.345693797747	429.27274237336	55.1562903420741	46003.3520066627	24175.140758865	2703.83122269305	0	0	0	0	0	0	0	0	0	81.8744483568109	45.2829321623462	5.91284696032644	3722.12015877417	2455.68461723381	530.893475293054	0	0	0	0	0	0	0	0	0	0.0825961540037628	0.0505662999662396	0.00850776095663582
87	109362.277260501	54845.3652483633	5084.68587226585	0	0	0	0	0	0	0	0	0	706.341691363518	375.334502497821	43.1115002668033	46003.447029976	24175.1944069939	2703.83836332746	0	0	0	0	0	0	0	0	0	71.5237829667528	38.0676210112353	4.39572535735229	3722.13126779458	2455.69356836304	530.895942982912	0	0	0	0	0	0	0	0	0	0.0296290785235332	0.0174208643862387	0.00261094709408484
88	109289.229279351	54795.1249325522	5074.54518211487	0	0	0	0	0	0	0	0	0	779.984526851915	425.955349770796	53.3203518058225	46003.434810233	24175.1918562412	2703.83979810541	0	0	0	0	0	0	0	0	0	80.6921237591357	44.2480879677838	5.61027260486113	3722.07961650156	2455.66191948102	530.890710536619	0	0	0	0	0	0	0	0	0	0.0565099672697476	0.0346054560906579	0.00581946230246787
89	109356.344203877	54835.9763020782	5081.18532342296	0	0	0	0	0	0	0	0	0	712.525498638702	384.891378096356	46.6446128768563	46003.4226512924	24175.1859233543	2703.83940175327	0	0	0	0	0	0	0	0	0	73.5210709283221	39.8716656224419	4.89304430594488	3722.11797038695	2455.68426062823	530.893872354687	0	0	0	0	0	0	0	0	0	0.0594016783080577	0.0358174498290047	0.00576974802229641
90	109476.474058654	54884.2267639761	5080.7375787091	0	0	0	0	0	0	0	0	0	591.815886529605	336.417629022351	47.0997774630455	46003.4083884078	24175.1726919054	2703.83545002922	0	0	0	0	0	0	0	0	0	62.0848901795011	35.4316117757468	5.01549684578201	3722.11578427807	2455.6828494742	530.893625166076	0	0	0	0	0	0	0	0	0	0.0430190567432799	0.0266383065629215	0.00461537159650574
91	109464.087123957	54882.5419884231	5082.54251795913	0	0	0	0	0	0	0	0	0	604.670972351125	338.339096235374	45.3162374656785	46003.3232943173	24175.1249176282	2703.82935357553	0	0	0	0	0	0	0	0	0	62.7386698505152	35.2348945703989	4.77062816901011	3722.13219428588	2455.69220810619	530.894875088481	0	0	0	0	0	0	0	0	0	0.0346156101134245	0.0212947807102219	0.00362532524858049
92	109416.026507664	54865.5445765151	5083.49379217984	0	0	0	0	0	0	0	0	0	653.015695145982	355.43970593715	44.3610314850488	46003.4090852711	24175.1731404265	2703.83551183638	0	0	0	0	0	0	0	0	0	67.9159647109845	37.1452458131636	4.70465528047563	3722.08239335987	2455.66246608691	530.890299271478	0	0	0	0	0	0	0	0	0	0.0667743177321611	0.0403818669278809	0.00656784876375379
93	109334.821092517	54820.364570044	5077.48369407774	0	0	0	0	0	0	0	0	0	734.611646306835	400.845184715634	50.4040822839499	46003.3060810799	24175.1119053022	2703.82610883756	0	0	0	0	0	0	0	0	0	77.547982439687	42.5914549425359	5.46305688627615	3722.09792193132	2455.67209256578	530.891884286784	0	0	0	0	0	0	0	0	0	0.107181996728993	0.06541557775099	0.0109083145453504
94	109351.284459938	54829.190575935	5078.97967093735	0	0	0	0	0	0	0	0	0	717.566899181004	391.689038125507	48.8593653054918	46003.3810740849	24175.1565544039	2703.83264518329	0	0	0	0	0	0	0	0	0	73.8446758915422	40.4497160356982	5.10125253875184	3722.15240183943	2455.70746315367	530.899032387848	0	0	0	0	0	0	0	0	0	0.0437071359947688	0.0266541073955338	0.00442880450190729
95	109413.365312194	54861.8212215615	5082.40900427973	0	0	0	0	0	0	0	0	0	655.013822294036	358.805257340849	45.4010759951427	46003.3564661701	24175.1432214569	2703.83158740927	0	0	0	0	0	0	0	0	0	66.6505301498783	36.5880480391695	4.65997741700355	3722.14067724997	2455.69754179404	530.895868363825	0	0	0	0	0	0	0	0	0	0.0156153645185266	0.00949600651297397	0.00156882902083328
96	109392.009319956	54843.5963430274	5077.9672448537	0	0	0	0	0	0	0	0	0	677.040279769548	377.439387142863	49.9087592441693	46003.3631330868	24175.1489929787	2703.8331512133	0	0	0	0	0	0	0	0	0	70.9494608460012	39.7424500299019	5.33058550352397	3722.13300947353	2455.69234822293	530.894743687327	0	0	0	0	0	0	0	0	0	0.0598777053211926	0.036841357348683	0.00626218072683531
97	109307.297096832	54800.6215981858	5073.83408119468	0	0	0	0	0	0	0	0	0	761.718845297573	420.374304246511	54.029276184255	46003.4125104411	24175.1761613839	2703.83629175247	0	0	0	0	0	0	0	0	0	79.3964495570046	44.0146337747597	5.73534109635543	3722.13063894242	2455.69081245057	530.894492073537	0	0	0	0	0	0	0	0	0	0.0641772675583648	0.0392094628080244	0.00654872380524417
98	109276.843485468	54778.920542657	5069.15815036701	0	0	0	0	0	0	0	0	0	792.965338300064	442.547525760053	58.7789607676856	46003.3385113547	24175.1322730663	2703.82957112335	0	0	0	0	0	0	0	0	0	83.1559852365121	46.6298494681607	6.28106322802156	3722.10147692004	2455.67399033222	530.892143788761	0	0	0	0	0	0	0	0	0	0.0614933066115341	0.0378559413319496	0.0064477961537326
99	109362.832699442	54840.9575707229	5082.21598576537	0	0	0	0	0	0	0	0	0	705.911318368221	379.840399914102	45.6051233919174	46003.3455065155	24175.1370679272	2703.83077583546	0	0	0	0	0	0	0	0	0	73.2067876765702	39.5729202301645	4.82126608099152	3722.12752366449	2455.69198746194	530.895922945404	0	0	0	0	0	0	0	0	0	0.0865682980203674	0.0520036662091299	0.0082976332094362
100	109421.386320536	54869.1712151037	5084.29889931678	0	0	0	0	0	0	0	0	0	647.245324895527	351.579304921057	43.5218236478212	46003.3493302174	24175.1442334348	2703.83373637649	0	0	0	0	0	0	0	0	0	66.0086023399647	35.9438876949262	4.48343603696196	3722.08958811246	2455.66672052337	530.890940490787	0	0	0	0	0	0	0	0	0	0.0247366166724927	0.0148446575059574	0.00236462919323127
101	109372.91677818	54851.1567703821	5085.12600532212	0	0	0	0	0	0	0	0	0	695.582000213692	369.468350647917	42.6599217590606	46003.525901677	24175.243189255	2703.84614044164	0	0	0	0	0	0	0	0	0	70.4075019812762	37.4594885279288	4.34839259707662	3722.15445866625	2455.70933098675	530.899598876827	0	0	0	0	0	0	0	0	0	0.0239081772369125	0.014109664222306	0.00214164327171639
102	109377.944487833	54839.782914685	5078.7127419874	0	0	0	0	0	0	0	0	0	690.993676253194	381.166471376492	49.1440196127004	46003.4387287193	24175.193644871	2703.83988036387	0	0	0	0	0	0	0	0	0	71.233397799723	39.4298240175325	5.13709506060643	3722.10267606955	2455.67395610393	530.891808096886	0	0	0	0	0	0	0	0	0	0.0361387450003567	0.0221759867191617	0.00375056217727349
103	109353.212739706	54833.9704779428	5080.80247772322	0	0	0	0	0	0	0	0	0	715.841991588068	387.000910781155	47.0414867509763	46003.4209985427	24175.1842790152	2703.83894738678	0	0	0	0	0	0	0	0	0	73.5806990310405	39.9199058600283	4.90709699919809	3722.0872526569	2455.66544876512	530.890790029469	0	0	0	0	0	0	0	0	0	0.0515092321797361	0.0311180429177277	0.00503729370538609
104	109395.047476011	54845.4008985	5078.32277842255	0	0	0	0	0	0	0	0	0	673.914597696702	375.586801890953	49.5464986384471	46003.2397450938	24175.0780921051	2703.82312343037	0	0	0	0	0	0	0	0	0	70.5477005084131	39.5038187113541	5.28588134017562	3722.13407137029	2455.69422256093	530.895597053945	0	0	0	0	0	0	0	0	0	0.05397568169607	0.0332753224258028	0.00568713979379858
105	109372.292355497	54832.457691456	5075.9644102718	0	0	0	0	0	0	0	0	0	696.717383857019	388.558818455432	51.9124307988397	46003.3049615755	24175.1120100589	2703.82655438611	0	0	0	0	0	0	0	0	0	71.9362083907429	40.2505454465665	5.42840435927457	3722.12834521657	2455.69053089952	530.894912501599	0	0	0	0	0	0	0	0	0	0.0263607361771451	0.0162244546603826	0.00276820939599102
106	109286.971559787	54802.5441897883	5078.3602391779	0	0	0	0	0	0	0	0	0	782.139657035629	418.438205303109	49.4789832120648	46003.3447395632	24175.13750867	2703.83117158332	0	0	0	0	0	0	0	0	0	79.9842103050935	42.9146319697539	5.12172994479556	3722.11310506059	2455.68174791288	530.893664082707	0	0	0	0	0	0	0	0	0	0.050799698361458	0.0303191951380069	0.00475631456155489
107	109371.187989488	54831.4659828126	5076.00845913353	0	0	0	0	0	0	0	0	0	697.802840343466	389.541496901782	51.8664307718511	46003.4022675142	24175.1708501421	2703.83584445286	0	0	0	0	0	0	0	0	0	73.6541818272958	41.3344677860898	5.58937872455941	3722.12345334592	2455.68693379675	530.894037554088	0	0	0	0	0	0	0	0	0	0.0807274161442735	0.0493870300468686	0.00828259561651055
108	109417.395081647	54862.043465583	5081.55279614931	0	0	0	0	0	0	0	0	0	651.104801032146	358.660363218647	46.2717181207876	46003.3629161078	24175.1483791467	2703.83288378465	0	0	0	0	0	0	0	0	0	66.4703450248208	36.7053875083493	4.77049252864427	3722.1361262725	2455.69511721325	530.89560017495	0	0	0	0	0	0	0	0	0	0.016527801628308	0.0101719268000085	0.00173506044393113
109	109409.326668212	54870.9613479994	5087.76270656453	0	0	0	0	0	0	0	0	0	659.045763634409	349.608090889336	40.0200585729277	46003.3552819873	24175.1444364595	2703.83247478858	0	0	0	0	0	0	0	0	0	66.9962776162035	35.6209090695506	4.10854617621706	3722.12008980137	2455.68643553569	530.894639476474	0	0	0	0	0	0	0	0	0	0.0354341909205157	0.0211034353218811	0.0032804884594718
110	109292.98867727	54793.9303105196	5072.83373883037	0	0	0	0	0	0	0	0	0	776.888522379188	427.539379478789	55.092865612238	46003.3700628954	24175.1528985656	2703.83358570465	0	0	0	0	0	0	0	0	0	81.4819249629757	45.0870746205175	5.90535317754661	3722.10816344341	2455.67759212681	530.89247771529	0	0	0	0	0	0	0	0	0	0.0762891676229153	0.0468985676302209	0.00797990575479976
111	109339.655947238	54815.5395774724	5074.47092943199	0	0	0	0	0	0	0	0	0	729.710837946057	405.663464548396	53.4243890848984	46003.3401732111	24175.1380556793	2703.83251551979	0	0	0	0	0	0	0	0	0	75.108008147514	41.8814258913855	5.56535999581274	3722.13540293135	2455.69421239327	530.895264110528	0	0	0	0	0	0	0	0	0	0.0244998413627619	0.0150023565126619	0.00252327515181592
112	109442.769293485	54883.0888978032	5087.04808068005	0	0	0	0	0	0	0	0	0	625.868364960356	337.654624281886	40.7675382030127	46003.350925638	24175.1356731271	2703.82823519863	0	0	0	0	0	0	0	0	0	63.6717872413641	34.429455884747	4.1873588037301	3722.16111583113	2455.71220878562	530.899537497491	0	0	0	0	0	0	0	0	0	0.0257183716756493	0.015402951845411	0.00243702035023761
113	109441.149834193	54875.4918373192	5083.52001434027	0	0	0	0	0	0	0	0	0	627.366166703996	345.222749725584	44.3057680409551	46003.2259084332	24175.0704617581	2703.8223185593	0	0	0	0	0	0	0	0	0	64.4758283043583	35.5949625731782	4.6135085492905	3722.1237334411	2455.68786209036	530.894521626966	0	0	0	0	0	0	0	0	0	0.0290789774917202	0.0178547773297795	0.00302467389894596
114	109376.449752038	54848.2800853876	5082.99798426067	0	0	0	0	0	0	0	0	0	692.302825988682	372.525299826885	44.8259932228468	46003.3876609373	24175.1616530521	2703.83434350676	0	0	0	0	0	0	0	0	0	71.1653339179268	38.4320014979494	4.67777967393456	3722.06223390096	2455.65002724778	530.88821806608	0	0	0	0	0	0	0	0	0	0.0500850008924388	0.0301673670682561	0.00484890692997375
115	109391.276906344	54850.659243679	5081.55623942704	0	0	0	0	0	0	0	0	0	677.84746753954	370.379714440346	46.3059555330235	46003.2238852752	24175.0679913185	2703.82143102245	0	0	0	0	0	0	0	0	0	70.079245326923	38.4416822744611	4.86486203510315	3722.12022089367	2455.68553783157	530.894050955321	0	0	0	0	0	0	0	0	0	0.0550550196816016	0.0331657461529819	0.00533080283593138
116	109463.740593531	54886.1384735727	5084.25969925912	0	0	0	0	0	0	0	0	0	604.609545452081	334.494409847277	43.5596502002353	46003.3843188103	24175.1594579374	2703.83382028372	0	0	0	0	0	0	0	0	0	62.5245875695355	34.7173239276318	4.5702120869868	3722.08578416904	2455.66394030099	530.89030305732	0	0	0	0	0	0	0	0	0	0.0427521275379891	0.0260150037900769	0.0043026299436281
117	109438.068955369	54881.6159012598	5087.28322907475	0	0	0	0	0	0	0	0	0	630.088752727088	338.863586310295	40.4984738914228	46003.3523169781	24175.1395624442	2703.83046962063	0	0	0	0	0	0	0	0	0	64.0617141656888	34.5295598934526	4.15661392351861	3722.12790028924	2455.69023951141	530.894881582383	0	0	0	0	0	0	0	0	0	0.0240942301535028	0.0145086973680487	0.0023314609488689
118	109424.503888543	54872.5999243951	5085.55520047841	0	0	0	0	0	0	0	0	0	644.059809879518	348.10711629814	42.2567928603407	46003.3683454068	24175.1508512752	2703.8330324059	0	0	0	0	0	0	0	0	0	65.2908238499362	35.3556496100066	4.31782502246215	3722.10625464411	2455.67707595344	530.892736905251	0	0	0	0	0	0	0	0	0	0.0159321011568594	0.00962005213841418	0.00155534695051269
119	109431.722388152	54877.1548866536	5086.38979969149	0	0	0	0	0	0	0	0	0	636.785838271983	343.513856283653	41.4143641453587	46003.3499362896	24175.1436056444	2703.83320893724	0	0	0	0	0	0	0	0	0	64.9026600062221	35.1009094522391	4.26653264888908	3722.13810176975	2455.69646561995	530.895916633175	0	0	0	0	0	0	0	0	0	0.0267595079460341	0.0161293983395439	0.00259581815739378
120	109444.94220417	54882.6354555524	5086.25085187833	0	0	0	0	0	0	0	0	0	623.781205211184	338.161678172407	41.574093824742	46003.2704896304	24175.0998257874	2703.82784436746	0	0	0	0	0	0	0	0	0	63.6157457136811	34.5748014745642	4.28449562132855	3722.1027927257	2455.67494009446	530.892364626232	0	0	0	0	0	0	0	0	0	0.0248425145757784	0.0149518459386949	0.00240255355205094
121	109338.779370712	54827.5104056723	5080.66393135806	0	0	0	0	0	0	0	0	0	730.165589090195	393.399122283926	47.1710226395439	46003.3616362162	24175.1476703825	2703.83272898565	0	0	0	0	0	0	0	0	0	76.3068125828623	41.3391504050466	5.04522925784105	3722.10762783827	2455.67845396912	530.89308611224	0	0	0	0	0	0	0	0	0	0.113239739275318	0.0682964944613808	0.0110074183073766
122	109313.064912335	54812.097948344	5078.2161582705	0	0	0	0	0	0	0	0	0	756.038312341946	408.900724514268	49.6309771510187	46003.3969504475	24175.1671770087	2703.83528936302	0	0	0	0	0	0	0	0	0	77.2669239643287	41.9067198974461	5.13224472291711	3722.1274386465	2455.68988565744	530.894740722074	0	0	0	0	0	0	0	0	0	0.0336632683594209	0.0203341497149624	0.00328887969235943
123	109356.338033662	54832.6826022549	5079.23368308064	0	0	0	0	0	0	0	0	0	712.502355952917	388.187028240549	48.6051504873801	46003.4506813654	24175.2001448956	2703.84057451719	0	0	0	0	0	0	0	0	0	73.5032612950493	40.1953421423126	5.09009285146325	3722.13479758193	2455.69273439543	530.894551844705	0	0	0	0	0	0	0	0	0	0.0536439256814186	0.0324980179327653	0.00532338034950326
124	109403.431009664	54845.0925247608	5076.42637818838	0	0	0	0	0	0	0	0	0	665.6477279191	375.989119453737	51.4665067423903	46003.3889014288	24175.1624452628	2703.83431284262	0	0	0	0	0	0	0	0	0	70.7663019655876	40.1852278959	5.58614997859937	3722.11190224291	2455.6810887017	530.893606087457	0	0	0	0	0	0	0	0	0	0.0781469417464533	0.047942516091789	0.00808629244774349
125	109348.818224761	54827.1963610624	5078.29263186446	0	0	0	0	0	0	0	0	0	720.219959115934	393.790309667993	49.5628601111192	46003.4619396382	24175.2020676577	2703.83859195231	0	0	0	0	0	0	0	0	0	74.2314620092262	40.7377543316256	5.1863439219614	3722.15327159381	2455.70744918518	530.898762012251	0	0	0	0	0	0	0	0	0	0.0396347143156481	0.0242856969906563	0.00409111234330482
126	109310.080330303	54802.0001701037	5073.54072116403	0	0	0	0	0	0	0	0	0	759.095912074874	419.086110611588	54.3366723117225	46003.3838245457	24175.1580026866	2703.83313468522	0	0	0	0	0	0	0	0	0	78.842032537307	43.7107767023886	5.73870504579	3722.12311327004	2455.68853719178	530.895042825979	0	0	0	0	0	0	0	0	0	0.0518526374075698	0.0318466258168999	0.00540177132894965
127	109416.740575824	54862.5490568131	5081.88015851138	0	0	0	0	0	0	0	0	0	651.992446508912	358.27820500831	45.9589939132073	46003.408482493	24175.1734790176	2703.83594162667	0	0	0	0	0	0	0	0	0	66.687872630659	36.7430244015847	4.75062942757055	3722.14605894656	2455.70127167694	530.896627854436	0	0	0	0	0	0	0	0	0	0.0233777886985878	0.0142304162630771	0.00236105304428704
128	109374.547291979	54844.8108769051	5081.51251728223	0	0	0	0	0	0	0	0	0	694.623155733013	376.232795180752	46.3458039083456	46003.3529177217	24175.1420618628	2703.83172559899	0	0	0	0	0	0	0	0	0	71.8642027746463	39.0862608008614	4.87662847544634	3722.09255636696	2455.6690979114	530.89155920765	0	0	0	0	0	0	0	0	0	0.0666409486906692	0.0401286296510883	0.00646667056577531
129	109318.644977311	54810.9124774534	5076.5501468323	0	0	0	0	0	0	0	0	0	750.266172422428	410.000713934299	51.29337331667	46003.4176576971	24175.1805536363	2703.8376348387	0	0	0	0	0	0	0	0	0	76.7205947396862	42.0389903901705	5.30373285792404	3722.12274357022	2455.68717596122	530.89438794733	0	0	0	0	0	0	0	0	0	0.0278915314774369	0.0169400756811631	0.00278464638961746
130	109428.411002142	54871.7734603178	5084.1424116257	0	0	0	0	0	0	0	0	0	639.748873000507	348.725794819113	43.6497593947647	46003.3465998409	24175.133900003	2703.82829990209	0	0	0	0	0	0	0	0	0	65.4496923455254	35.7769437341681	4.51697119593191	3722.16117053888	2455.71245010069	530.899677913232	0	0	0	0	0	0	0	0	0	0.029905481910772	0.0181378023301366	0.00297833933754494
131	109373.141265647	54835.8389702851	5077.5705689616	0	0	0	0	0	0	0	0	0	695.950582202768	385.206169672806	50.3029372657894	46003.2406090634	24175.0775620424	2703.82275784721	0	0	0	0	0	0	0	0	0	71.4235681338877	39.6470203210365	5.22171041123397	3722.10023256899	2455.67365761048	530.892287512751	0	0	0	0	0	0	0	0	0	0.0223271102212715	0.0136698517519682	0.00229900052219184
132	109372.653125173	54843.4433131655	5081.75141443433	0	0	0	0	0	0	0	0	0	695.929939952954	377.275794601039	46.0624340411835	46003.4325457701	24175.1838174125	2703.8353641554	0	0	0	0	0	0	0	0	0	71.586694948131	38.939071126473	4.80486256059895	3722.15156226092	2455.70782613317	530.899490656829	0	0	0	0	0	0	0	0	0	0.05348609611647	0.0318840884677202	0.00497508303884957
133	109316.856137225	54822.5859605088	5082.42910384326	0	0	0	0	0	0	0	0	0	751.905002378765	398.181461113198	45.3737044995259	46003.4559609494	24175.2023000738	2703.8405603063	0	0	0	0	0	0	0	0	0	75.7854473730927	40.1760698599832	4.59431187263915	3722.11163935861	2455.68086556711	530.893570495591	0	0	0	0	0	0	0	0	0	0.0153683275906765	0.00904393759977629	0.00136063461756976
134	109396.689798976	54856.4158057187	5083.00129049359	0	0	0	0	0	0	0	0	0	671.843735060712	364.277391024686	44.8110861588794	46003.3613883219	24175.143654453	2703.83025562844	0	0	0	0	0	0	0	0	0	68.4595226552772	37.2061225681668	4.61026779828421	3722.17375034011	2455.71931930973	530.90046084535	0	0	0	0	0	0	0	0	0	0.0265409438941005	0.0159263218198626	0.00253893481768804
135	109269.881867665	54786.9981441305	5074.17947896916	0	0	0	0	0	0	0	0	0	799.809411440499	434.335494115468	53.716768023036	46003.3589165906	24175.1422978379	2703.83042801836	0	0	0	0	0	0	0	0	0	82.8163269223344	45.1650233552179	5.65990346744676	3722.12746807125	2455.69029325749	530.894936450563	0	0	0	0	0	0	0	0	0	0.0628837297307407	0.0381050651542645	0.00623910793905609
136	109343.056207709	54830.2654903078	5081.31930553571	0	0	0	0	0	0	0	0	0	726.008834382228	390.703721936835	46.5199435386147	46003.3639898184	24175.1474104362	2703.83198237358	0	0	0	0	0	0	0	0	0	74.2795299879379	40.0872751565761	4.81704062537167	3722.11813856077	2455.68619559575	530.894993794839	0	0	0	0	0	0	0	0	0	0.0488554876133805	0.0290355818786421	0.00448419525992829
137	109346.194481431	54814.7459996766	5073.12112229199	0	0	0	0	0	0	0	0	0	723.354072152697	406.589497180866	54.8014251843604	46003.2974981611	24175.1090326485	2703.82653650694	0	0	0	0	0	0	0	0	0	75.8325654377374	42.8113796541985	5.84543702323816	3722.14770803694	2455.70245618159	530.896899506533	0	0	0	0	0	0	0	0	0	0.052919586664874	0.032477384958752	0.00548430325193019
138	109344.305549862	54809.4015436338	5070.18746236275	0	0	0	0	0	0	0	0	0	725.100838476357	411.877562997633	57.7394144504751	46003.213475666	24175.0643578944	2703.82181020385	0	0	0	0	0	0	0	0	0	77.2469771657301	44.1097846462289	6.27377730763287	3722.13130477724	2455.69188182956	530.894894199235	0	0	0	0	0	0	0	0	0	0.0648358254078565	0.0402390880801328	0.00701339945361831
139	109390.205904236	54838.8994707888	5075.51798237624	0	0	0	0	0	0	0	0	0	678.933771202688	382.211835313409	52.3802645823554	46003.4096322185	24175.1706435089	2703.83397928775	0	0	0	0	0	0	0	0	0	71.4621526383418	40.4180421285365	5.61170946582879	3722.11807167724	2455.6846212996	530.894048808674	0	0	0	0	0	0	0	0	0	0.0568308152559319	0.0350336655218014	0.00600537302275545
140	109388.950325704	54845.7574128589	5079.24502844188	0	0	0	0	0	0	0	0	0	679.809742939374	375.102168900263	48.6042135125898	46003.3211553758	24175.1233843147	2703.82891330833	0	0	0	0	0	0	0	0	0	70.8623127476173	39.2849461762618	5.16255932409203	3722.09971199176	2455.67184392373	530.891340843442	0	0	0	0	0	0	0	0	0	0.0552939163165706	0.0340248557052085	0.00580060503096917
141	109421.678347922	54859.8803289781	5080.37376811737	0	0	0	0	0	0	0	0	0	647.079744953123	360.991946843777	47.4783565255493	46003.436207102	24175.1900291103	2703.83842782982	0	0	0	0	0	0	0	0	0	66.9281585606766	37.4638778255023	4.97834361930984	3722.11329511831	2455.68160262814	530.893556814397	0	0	0	0	0	0	0	0	0	0.0406218697216772	0.0247551730164758	0.00409967929188161
142	109374.989728466	54842.2744639499	5080.21673164134	0	0	0	0	0	0	0	0	0	694.038285263732	378.702037105813	47.6369631704161	46003.3828779869	24175.1589743668	2703.83402535889	0	0	0	0	0	0	0	0	0	70.5594855885905	38.5792103297444	4.88275814546462	3722.10884216234	2455.67824171627	530.892732024219	0	0	0	0	0	0	0	0	0	0.0154426531151465	0.00929357905597403	0.00149485732813578
143	109397.617666903	54851.7978311834	5080.89498130901	0	0	0	0	0	0	0	0	0	671.389893456705	369.181901393965	46.961326325489	46003.3627124917	24175.1494199492	2703.83363113604	0	0	0	0	0	0	0	0	0	68.4374868776127	37.7174379074824	4.8313600086823	3722.14211803796	2455.69772521589	530.895609719258	0	0	0	0	0	0	0	0	0	0.0175363927327621	0.0106751516847038	0.00176702824509179
144	109404.267872189	54844.615339692	5075.61624316213	0	0	0	0	0	0	0	0	0	664.979403944937	376.569246862027	52.295455836203	46003.2622094926	24175.0872457777	2703.82296613207	0	0	0	0	0	0	0	0	0	69.7110511164629	39.6370455695331	5.56710831228132	3722.1161363021	2455.68315727935	530.893730108349	0	0	0	0	0	0	0	0	0	0.0403234207017506	0.0249125517790067	0.00429126082642645
145	109383.817851778	54841.5097845899	5078.54846883604	0	0	0	0	0	0	0	0	0	685.040964251758	379.4099789864	49.3089300544692	46003.3572424296	24175.1412117015	2703.83017331917	0	0	0	0	0	0	0	0	0	71.6321362837584	39.8606506102123	5.25442630271089	3722.13230634883	2455.6936625505	530.895691338699	0	0	0	0	0	0	0	0	0	0.0673375369425745	0.0411239116982602	0.00686372874653269
146	109377.946191249	54835.5871597491	5076.50951612489	0	0	0	0	0	0	0	0	0	691.265638727347	385.544685684654	51.3828399910075	46003.3190356378	24175.1207928434	2703.82801525725	0	0	0	0	0	0	0	0	0	71.6677206056303	40.1186282429644	5.40387920054632	3722.0538167897	2455.64570531681	530.88787505387	0	0	0	0	0	0	0	0	0	0.0348101655581505	0.0213693658809018	0.00362083080372843
147	109362.420552138	54838.8029821603	5081.67958999729	0	0	0	0	0	0	0	0	0	706.517812887275	382.110046628516	46.1571947843292	46003.218532285	24175.0656914962	2703.82139647655	0	0	0	0	0	0	0	0	0	72.3161467481839	39.2278862937211	4.78438501714904	3722.14531690944	2455.70032094613	530.896278968873	0	0	0	0	0	0	0	0	0	0.0387663680543295	0.023370267410704	0.00374870380134135
148	109401.675262277	54839.7476624244	5074.00715481924	0	0	0	0	0	0	0	0	0	667.392370077816	381.354749006314	53.8987090910258	46003.3191335122	24175.1218033048	2703.82846915098	0	0	0	0	0	0	0	0	0	71.2856303149275	40.9380165565909	5.86825743231782	3722.0818929995	2455.66274089638	530.890568522442	0	0	0	0	0	0	0	0	0	0.0771193178353042	0.0477522433754385	0.0082641761333622
149	109325.939828581	54814.6888029903	5076.59724378406	0	0	0	0	0	0	0	0	0	743.226144474254	406.370978113735	51.2689939123408	46003.3262442216	24175.1250058218	2703.82871414547	0	0	0	0	0	0	0	0	0	76.9104943121105	42.2185418399214	5.39063434765069	3722.12975645077	2455.69212641401	530.895449277545	0	0	0	0	0	0	0	0	0	0.0604614308457802	0.0365196466059554	0.00592548191915182
150	109362.119847195	54841.5535345211	5082.77498286288	0	0	0	0	0	0	0	0	0	706.447849748996	379.13296878398	45.0261821036691	46003.4769553244	24175.2175995639	2703.84408979368	0	0	0	0	0	0	0	0	0	72.0681640517899	38.7783972341353	4.64445501200298	3722.12957278451	2455.69169559495	530.895263369536	0	0	0	0	0	0	0	0	0	0.0359393368872234	0.0215385578527076	0.00341379657398157
151	109318.039735371	54808.8247809744	5075.27156436985	0	0	0	0	0	0	0	0	0	751.172939068454	412.27444579412	52.605065547334	46003.3293542654	24175.1273599789	2703.82907186056	0	0	0	0	0	0	0	0	0	78.6627426411012	43.4068248286965	5.62974859891983	3722.08306002342	2455.66307343537	530.890444135272	0	0	0	0	0	0	0	0	0	0.0801440939169261	0.0491748872296943	0.00831419149114319
152	109426.599062134	54866.5354793188	5082.34528790382	0	0	0	0	0	0	0	0	0	641.940406795428	354.19073734867	45.4803087288697	46003.4219515102	24175.1808401607	2703.83633321131	0	0	0	0	0	0	0	0	0	65.7825140302327	36.3963196628477	4.71334981619839	3722.14962752367	2455.70554600246	530.898623312669	0	0	0	0	0	0	0	0	0	0.0265504765924871	0.0161656907721822	0.00267239040443017
153	109418.197368713	54866.3654008176	5083.65491960386	0	0	0	0	0	0	0	0	0	650.692148901307	354.535261330384	44.1873912316803	46003.2314126534	24175.0729468066	2703.82232414825	0	0	0	0	0	0	0	0	0	66.6916306611341	36.4514794869807	4.58757973761582	3722.14317601527	2455.70043235777	530.896895697474	0	0	0	0	0	0	0	0	0	0.0299115179939814	0.0182240131725846	0.0030255058252647
154	109418.300132169	54868.1343624288	5084.57279340786	0	0	0	0	0	0	0	0	0	650.166006384796	352.523490428207	43.235115930596	46003.3611099382	24175.14176736	2703.82920326421	0	0	0	0	0	0	0	0	0	65.822304692441	35.749797953516	4.40818154773463	3722.16905264083	2455.71667788221	530.90014032117	0	0	0	0	0	0	0	0	0	0.0110038736173971	0.00668565845778629	0.00110093755794813
155	109420.142687113	54861.314433138	5080.71698872257	0	0	0	0	0	0	0	0	0	648.519341777948	359.491409851203	47.1251584316649	46003.4308831738	24175.1871670543	2703.83812899991	0	0	0	0	0	0	0	0	0	66.8016922798351	37.1464323795654	4.91450458752052	3722.11977686638	2455.68529931795	530.89406716658	0	0	0	0	0	0	0	0	0	0.0306878283942441	0.0186556856678584	0.00308032188820992
156	109440.609698024	54869.8159727819	5080.80672949483	0	0	0	0	0	0	0	0	0	628.056598515596	351.009192789277	47.0439331040374	46003.3187692007	24175.118744503	2703.82656963381	0	0	0	0	0	0	0	0	0	64.8668163426411	36.3730517735185	4.92184482730924	3722.16347535034	2455.71449765091	530.900270220767	0	0	0	0	0	0	0	0	0	0.0264554434976157	0.016330670419249	0.00280516287668828
157	109389.255709012	54857.7255073118	5085.24514184949	0	0	0	0	0	0	0	0	0	679.481893589417	363.048347842434	42.5658244833655	46003.4613293198	24175.2000595786	2703.83772606596	0	0	0	0	0	0	0	0	0	68.8431741678785	36.8529316542408	4.34793791421665	3722.16660300353	2455.71456216659	530.899526625174	0	0	0	0	0	0	0	0	0	0.0208767920787253	0.0125573133455365	0.00201158100153516
158	109300.26639178	54805.0473331681	5077.23373695193	0	0	0	0	0	0	0	0	0	769.034996262847	416.060640334595	50.6278324120069	46003.4204762311	24175.1827603348	2703.83824787172	0	0	0	0	0	0	0	0	0	78.8976632574563	42.8162540025126	5.26059742036834	3722.05573373211	2455.64678510812	530.887983865037	0	0	0	0	0	0	0	0	0	0.0494953075689283	0.0294746477668504	0.00458653269843662
159	109361.959146344	54842.8759614185	5083.4826138903	0	0	0	0	0	0	0	0	0	706.824811607168	377.926199625182	44.3322118206851	46003.4079584558	24175.1753108901	2703.83710817917	0	0	0	0	0	0	0	0	0	72.1266375211231	38.6630090838903	4.57276082727597	3722.12304948576	2455.68630269929	530.893781758719	0	0	0	0	0	0	0	0	0	0.0469910356260321	0.0277797226324907	0.0042360064062968
160	109415.900018449	54865.8786871333	5084.06855286985	0	0	0	0	0	0	0	0	0	652.999478835321	355.020249946399	43.7704269478835	46003.3899359681	24175.1640266266	2703.83506129624	0	0	0	0	0	0	0	0	0	67.0967096139999	36.6014202159917	4.56049262292618	3722.12039628313	2455.68572770915	530.894129856228	0	0	0	0	0	0	0	0	0	0.042366703716116	0.0255672332982006	0.00413510750127253
161	109364.744441642	54846.8892604166	5084.68350992679	0	0	0	0	0	0	0	0	0	704.056245054123	373.903669493015	43.1244792883729	46003.4587758494	24175.2056999466	2703.84178589384	0	0	0	0	0	0	0	0	0	71.7414338163563	38.1939232670053	4.44059480582913	3722.14058783946	2455.69771353642	530.895967581864	0	0	0	0	0	0	0	0	0	0.0442091884404608	0.0260793611478063	0.00394683110021871
162	109348.811846228	54839.0229878189	5084.19012194679	0	0	0	0	0	0	0	0	0	719.927013864063	381.736301683222	43.6124010514439	46003.3853011266	24175.1596492298	2703.83338241081	0	0	0	0	0	0	0	0	0	72.9562076687748	38.7525817990672	4.45312576441575	3722.14312005231	2455.70307521237	530.898832257069	0	0	0	0	0	0	0	0	0	0.030910618924164	0.0182325080468372	0.0027558606193121
163	109365.04009009	54840.8687733349	5081.68649180252	0	0	0	0	0	0	0	0	0	703.991619432972	380.090594277472	46.157175161962	46003.3674470515	24175.1495527571	2703.83240012176	0	0	0	0	0	0	0	0	0	72.020956114888	39.001879317818	4.78179733939099	3722.11197493484	2455.68039571245	530.893181668667	0	0	0	0	0	0	0	0	0	0.036326794174098	0.0220356534731306	0.00361561636787069
164	109368.361871142	54847.0992480523	5084.2038072982	0	0	0	0	0	0	0	0	0	700.148189453436	373.550482487447	43.591555851297	46003.4205129709	24175.1777303824	2703.83498818119	0	0	0	0	0	0	0	0	0	71.6907834064038	38.3687276182562	4.52339018813773	3722.17684323667	2455.72112980899	530.900720608633	0	0	0	0	0	0	0	0	0	0.0553670567641443	0.0331059589618763	0.00521535322043386
165	109366.800938734	54838.9640434897	5080.6848155374	0	0	0	0	0	0	0	0	0	702.263916354319	382.033060686123	47.1692428413436	46003.3262423419	24175.1238086636	2703.82799317575	0	0	0	0	0	0	0	0	0	72.147006214822	39.3834129772021	4.91605193107948	3722.12596661279	2455.68913619449	530.894665424358	0	0	0	0	0	0	0	0	0	0.0392672988839861	0.0240062987544763	0.00401631371510924
166	109389.502648643	54847.7787078471	5080.29341881625	0	0	0	0	0	0	0	0	0	679.501504867018	373.205152083312	47.5667133791428	46003.1449973883	24175.0209618466	2703.81411330066	0	0	0	0	0	0	0	0	0	69.5936533591085	38.332693738138	4.92850557866146	3722.13401508846	2455.69507614439	530.896092095638	0	0	0	0	0	0	0	0	0	0.0232414516069914	0.0142254082978967	0.00239009233392818
167	109387.555415097	54851.4845173255	5082.38230038707	0	0	0	0	0	0	0	0	0	681.006888607047	369.224266623905	45.4320782708087	46003.440403803	24175.1924635741	2703.83886539268	0	0	0	0	0	0	0	0	0	69.4445346672571	37.7443298189795	4.68025446624798	3722.11726004875	2455.68373641012	530.893772044045	0	0	0	0	0	0	0	0	0	0.0262575820448045	0.0158257142498023	0.00255374053967402
168	109386.530496601	54846.8032487316	5080.36603553265	0	0	0	0	0	0	0	0	0	682.141638402506	373.991575110789	47.4686564953383	46003.4120678797	24175.1743978996	2703.83555478311	0	0	0	0	0	0	0	0	0	70.9794846483297	39.0941027599648	5.03167121771057	3722.11549477257	2455.68207765878	530.893228335564	0	0	0	0	0	0	0	0	0	0.062807684152394	0.0381927260121547	0.00630644947290905
