S01	S02	S03	E01	E02	E03	I01	I02	I03	Y01	Y02	Y03	R01	R02	R03	S11	S12	S13	E11	E12	E13	I11	I12	I13	Y11	Y12	Y13	R11	R12	R13	S21	S22	S23	E21	E22	E23	I21	I22	I23	Y21	Y22	Y23	R21	R22	R23
1	109322.614781345	54443.7231389078	4687.72315517606	0	0	0	0	0	0	0	0	0	707.326775575667	403.406297230289	58.7541375306095	45451.546962436	24136.9974089291	2802.3311016067	0	0	0	0	0	0	0	0	0	73.6762519052307	42.320020874836	6.29810748515339	4082.22021825918	3017.82080130333	893.33146016362	0	0	0	0	0	0	0	0	0	0.0645169702738124	0.0431804597730782	0.00917535253948358
2	109424.668421252	54501.9108585632	4696.79684035989	0	0	0	0	0	0	0	0	0	604.728855495565	344.90057773369	49.6284547283868	45451.6347499528	24137.0495636416	2802.3390790494	0	0	0	0	0	0	0	0	0	62.4271326708206	35.8082361000561	5.24528853904729	4082.2465018048	3017.83973129782	893.336070897771	0	0	0	0	0	0	0	0	0	0.0418448111574174	0.0279749414944218	0.00590809331888704
3	109335.379784286	54466.4008963023	4697.39471622618	0	0	0	0	0	0	0	0	0	694.064306682707	380.372449841986	49.0008568261478	45451.6619056945	24137.0693160277	2802.34387759938	0	0	0	0	0	0	0	0	0	70.6473151269559	38.8589031813057	5.06821046210252	4082.24577878961	3017.83782213056	893.334979205269	0	0	0	0	0	0	0	0	0	0.0352488839935548	0.0228026078652476	0.0044267045837532
4	109259.080624331	54416.0811608862	4687.5406090454	0	0	0	0	0	0	0	0	0	771.070457582144	431.123881985292	58.9281436824374	45451.579347286	24137.0087078279	2802.32784097661	0	0	0	0	0	0	0	0	0	79.108334220425	44.450611110443	6.17382534854663	4082.28909181741	3017.8730384857	893.346235542747	0	0	0	0	0	0	0	0	0	0.0457430029799469	0.0301443337600496	0.00615008584532477
5	109320.633059912	54457.7779766531	4695.91708582235	0	0	0	0	0	0	0	0	0	709.142495826337	389.178554178671	50.5031281391604	45451.6541769823	24137.0616321936	2802.34139739521	0	0	0	0	0	0	0	0	0	71.4926090538534	39.3058562136817	5.13164906487072	4082.2393607119	3017.8352793606	893.335338012354	0	0	0	0	0	0	0	0	0	0.0103038944091891	0.00664198173482498	0.00128241661373393
6	109292.803623401	54437.329952894	4691.61738695157	0	0	0	0	0	0	0	0	0	737.151830825724	409.761454906343	54.8327078536473	45451.47977464	24136.9574638232	2802.32513670582	0	0	0	0	0	0	0	0	0	76.1706670421028	42.6125621977803	5.82398474311728	4082.2289693049	3017.82892802372	893.334229067679	0	0	0	0	0	0	0	0	0	0.0692488031268793	0.0455615824060466	0.00920995580650776
7	109268.119868576	54411.5501543039	4683.30885406444	0	0	0	0	0	0	0	0	0	762.088742027318	435.725826099962	63.183417928779	45451.5272087121	24136.9815878454	2802.325763913	0	0	0	0	0	0	0	0	0	77.7446274362427	44.6050341442413	6.53730057284755	4082.29731424958	3017.87774133878	893.346764275096	0	0	0	0	0	0	0	0	0	0.01902622319563	0.0124840881912863	0.00252070344537205
8	109451.002503712	54507.5487806166	4693.27603543021	0	0	0	0	0	0	0	0	0	578.397368491032	339.303955191302	53.1727179619189	45451.569632548	24137.0166671982	2802.33685611972	0	0	0	0	0	0	0	0	0	59.263578710241	34.8949051285062	5.52607885945089	4082.14857036656	3017.77554687474	893.323611493835	0	0	0	0	0	0	0	0	0	0.0164301645225418	0.011068220474405	0.002388866896851
9	109243.354326211	54409.876154266	4687.67251296436	0	0	0	0	0	0	0	0	0	786.777365828344	437.309402215086	58.7904521175317	45451.5989384824	24137.0272391354	2802.3352212409	0	0	0	0	0	0	0	0	0	81.003179074032	45.2848095245516	6.20538193756658	4082.24637072235	3017.8402749573	893.336337725008	0	0	0	0	0	0	0	0	0	0.0563882153673297	0.0374439019846769	0.00778630699851978
10	109332.504276658	54447.7741348763	4687.8280466106	0	0	0	0	0	0	0	0	0	697.411835212257	399.342985328386	58.6472840676514	45451.5658808128	24137.0036798766	2802.32989571461	0	0	0	0	0	0	0	0	0	71.3104094775709	40.9928401930558	6.09140462270692	4082.25190725925	3017.84497463051	893.33792055327	0	0	0	0	0	0	0	0	0	0.0211411033854722	0.0140615760089943	0.00294384219618637
11	109302.900536021	54431.4119461092	4685.14249277237	0	0	0	0	0	0	0	0	0	727.025787172037	415.708058304896	61.3347569139939	45451.6602040128	24137.0658422367	2802.34196065718	0	0	0	0	0	0	0	0	0	75.4145593564784	43.3915085847999	6.52084506497264	4082.21400936274	3017.81878636793	893.332186993923	0	0	0	0	0	0	0	0	0	0.0517575598159773	0.0343942170253638	0.00718729464833839
12	109275.361287303	54426.4886431008	4688.93810940187	0	0	0	0	0	0	0	0	0	754.339601331334	420.45442304356	57.4929146120093	45451.6403668391	24137.0484324048	2802.33553713561	0	0	0	0	0	0	0	0	0	77.0867754628921	43.150426363342	5.98162415824893	4082.28491627375	3017.86896415325	893.34477890333	0	0	0	0	0	0	0	0	0	0.0340270613044384	0.0224359557201145	0.0045944268556268
13	109404.568802725	54509.4244192042	4705.19501806481	0	0	0	0	0	0	0	0	0	624.832714667272	337.301375720944	41.1832460091477	45451.6902386931	24137.0879354545	2802.34752757474	0	0	0	0	0	0	0	0	0	63.0418165370914	34.0973177415232	4.19122985264157	4082.23219589972	3017.83044534114	893.334371026807	0	0	0	0	0	0	0	0	0	0.0195480032250126	0.0123222586098464	0.00222860080862957
14	109298.64757792	54431.0259037463	4685.81440267171	0	0	0	0	0	0	0	0	0	731.410546264237	416.161218012856	60.6691845936692	45451.5060961514	24136.9613078064	2802.31880310889	0	0	0	0	0	0	0	0	0	75.1153748754254	42.9385162186344	6.34634742129107	4082.30874453723	3017.88685254183	893.349322247552	0	0	0	0	0	0	0	0	0	0.0336134311810385	0.0220892552693206	0.00449335324087786
15	109304.580397855	54440.492075468	4689.68229165853	0	0	0	0	0	0	0	0	0	725.357084974579	406.59991308507	56.7770461866964	45451.576392387	24137.014098273	2802.33308239203	0	0	0	0	0	0	0	0	0	75.260569621203	42.4846137093624	6.06360098620069	4082.2556506026	3017.84636342701	893.3375533062	0	0	0	0	0	0	0	0	0	0.0710653733633768	0.0469415894321062	0.00964054429737621
16	109311.984160918	54447.0099790193	4691.42648711504	0	0	0	0	0	0	0	0	0	717.790256707338	399.975740878027	55.0119545005792	45451.6434665968	24137.058692545	2802.34234568719	0	0	0	0	0	0	0	0	0	73.4070400542435	41.0870982599016	5.73087770938388	4082.19122098867	3017.80425118183	893.329508844204	0	0	0	0	0	0	0	0	0	0.0338033095337187	0.0221704269785122	0.00448065983746114
17	109287.93482308	54427.7961914456	4687.61484380532	0	0	0	0	0	0	0	0	0	742.018200292778	419.32020650276	58.8500466476994	45451.5838490309	24137.0135322786	2802.33093413959	0	0	0	0	0	0	0	0	0	76.3040471962447	43.3436665793195	6.18440281504538	4082.23988628997	3017.837585484	893.336693400107	0	0	0	0	0	0	0	0	0	0.0413935553229483	0.0275910616052437	0.00578267995357461
18	109375.148252388	54470.4504428772	4689.80300679666	0	0	0	0	0	0	0	0	0	654.772972159822	376.677131583058	56.6799417958143	45451.5645805084	24137.0054238683	2802.33121978745	0	0	0	0	0	0	0	0	0	67.3708213490372	38.946740584921	5.94336391375567	4082.2820304157	3017.86300128474	893.340564620714	0	0	0	0	0	0	0	0	0	0.0271418007598898	0.0181016433078191	0.00381848012660316
19	109336.306268056	54461.0995741435	4694.41121685931	0	0	0	0	0	0	0	0	0	693.217536687882	385.741560784467	52.0024685619624	45451.6651832147	24137.0714970792	2802.34422285214	0	0	0	0	0	0	0	0	0	70.7769547445315	39.5437154773638	5.40185988986443	4082.21817835564	3017.82191931651	893.332883709381	0	0	0	0	0	0	0	0	0	0.0340252621022484	0.0222145252969321	0.00443275363948284
20	109274.465812345	54433.1050375997	4692.85577250358	0	0	0	0	0	0	0	0	0	755.361349696452	413.873698987202	53.5642536606479	45451.6104472301	24137.0384433566	2802.33907856039	0	0	0	0	0	0	0	0	0	76.2378379058034	41.8544876672688	5.45293277191467	4082.25790024447	3017.8498499856	893.339446680103	0	0	0	0	0	0	0	0	0	0.0127577926903887	0.00817529775841725	0.00155400644812626
21	109311.308643695	54451.2842024575	4694.37955679857	0	0	0	0	0	0	0	0	0	718.958596626766	395.951877204253	52.0801606812411	45451.5289471007	24136.9838390098	2802.32675305027	0	0	0	0	0	0	0	0	0	73.0440866374938	40.356044597146	5.36384134179438	4082.31620364491	3017.89067316415	893.34963133134	0	0	0	0	0	0	0	0	0	0.028572317437526	0.0182727597682115	0.00345870629469774
22	109320.461545789	54445.9903842009	4689.24612645876	0	0	0	0	0	0	0	0	0	709.218318098941	400.963557194221	57.1959101273483	45451.6533436927	24137.0636214637	2802.34260133203	0	0	0	0	0	0	0	0	0	72.6994127090755	41.2851488057195	5.96987634988473	4082.24439845409	3017.83727609084	893.335053249098	0	0	0	0	0	0	0	0	0	0.0368759462189929	0.0242251843134864	0.00492427322582323
23	109382.203038848	54486.4718286951	4697.19148403835	0	0	0	0	0	0	0	0	0	646.99505730597	360.185550740125	49.1983881965415	45451.6024956704	24137.0214632671	2802.32918511621	0	0	0	0	0	0	0	0	0	65.7650020103053	36.7298172025186	5.06842291491886	4082.3133998666	3017.89165554113	893.351218657031	0	0	0	0	0	0	0	0	0	0.0225973396220341	0.0146452225012545	0.00287299155409243
24	109437.749185612	54516.1415764481	4700.63790026395	0	0	0	0	0	0	0	0	0	591.586362191778	330.598340246785	45.7656220170125	45451.6425291827	24137.0560373552	2802.34091889957	0	0	0	0	0	0	0	0	0	60.1163852931669	33.7054041127654	4.7142676741852	4082.25983791977	3017.85072541478	893.339313165854	0	0	0	0	0	0	0	0	0	0.0203558464354511	0.0133040872767237	0.00267251715138766
25	109255.861238569	54405.8020188441	4681.87669998689	0	0	0	0	0	0	0	0	0	774.355069007654	441.485758923133	64.6260374464621	45451.5830094655	24137.016873453	2802.33295184777	0	0	0	0	0	0	0	0	0	80.8491994613876	46.4448194723545	6.95387809525184	4082.21402367091	3017.81931451884	893.332335253914	0	0	0	0	0	0	0	0	0	0.0709818826596657	0.0476033327431051	0.0101726625050459
26	109337.648703897	54437.1335009941	4680.38618492104	0	0	0	0	0	0	0	0	0	692.339932939727	410.090996977382	66.1333762898543	45451.4618629778	24136.9399056839	2802.31903359318	0	0	0	0	0	0	0	0	0	71.8995405539065	42.8119637247278	7.00340883614143	4082.25221601413	3017.84436958164	893.337404524621	0	0	0	0	0	0	0	0	0	0.0287031973448378	0.0195457706048369	0.00432478941974941
27	109445.060813799	54509.9069482638	4695.56252207809	0	0	0	0	0	0	0	0	0	584.25479722094	336.873491400791	50.8687457498297	45451.6607087085	24137.0637725222	2802.34049393494	0	0	0	0	0	0	0	0	0	60.4100879529334	35.0349915443284	5.38105602439207	4082.2351224667	3017.83354131615	893.335407134228	0	0	0	0	0	0	0	0	0	0.0363707807989439	0.0246539967023775	0.00540059201292192
28	109371.493293513	54458.2399022104	4684.68210147546	0	0	0	0	0	0	0	0	0	658.193797782725	388.792924974869	61.7997753959442	45451.6939304727	24137.0889873155	2802.3470685174	0	0	0	0	0	0	0	0	0	68.6078419395134	40.763315301873	6.5865115605312	4082.22715887972	3017.82709760412	893.33363108559	0	0	0	0	0	0	0	0	0	0.0412274877657751	0.027823462508414	0.00602606546513333
29	109353.976591413	54461.2024500581	4689.45711054236	0	0	0	0	0	0	0	0	0	675.896345827492	385.891833301644	57.0192506679059	45451.5656782326	24137.0020114932	2802.32883068395	0	0	0	0	0	0	0	0	0	69.8958567462251	40.1376305538145	6.03146805245968	4082.23112708715	3017.83071432561	893.334727035825	0	0	0	0	0	0	0	0	0	0.0459417181624812	0.0304772608090222	0.00635870762871697
30	109365.899721142	54480.0778641522	4697.67861823852	0	0	0	0	0	0	0	0	0	663.316665893615	366.58063982972	48.7063676622848	45451.6134273824	24137.0403039851	2802.33938713999	0	0	0	0	0	0	0	0	0	68.0260211815587	37.7826681835394	5.10310782871895	4082.26236094653	3017.85130714875	893.338841809734	0	0	0	0	0	0	0	0	0	0.0496931540346211	0.0324497424928243	0.00648848266339285
31	109263.677134119	54425.8003417765	4691.47615773199	0	0	0	0	0	0	0	0	0	766.264553377112	421.241907640467	54.9522514213302	45451.7126603139	24137.1046099734	2802.35162543086	0	0	0	0	0	0	0	0	0	78.1871299261515	43.153238971791	5.70395944348756	4082.25383044443	3017.84670284071	893.33847216115	0	0	0	0	0	0	0	0	0	0.0423662589934275	0.0271235044953771	0.00512787425513407
32	109330.401572302	54447.8024308938	4688.05268971301	0	0	0	0	0	0	0	0	0	699.256817351375	399.155742340543	58.39555155227	45451.6562190971	24137.0664393547	2802.34358222072	0	0	0	0	0	0	0	0	0	72.0321813270289	41.3361936557668	6.14439896243543	4082.20486421241	3017.81517220823	893.332491387792	0	0	0	0	0	0	0	0	0	0.0371359400148504	0.0248146593190129	0.00524434991956002
33	109346.47603407	54471.0800064405	4697.32151206187	0	0	0	0	0	0	0	0	0	683.083223903202	375.76540321431	49.0867287388403	45451.6008757483	24137.0303328588	2802.33668246149	0	0	0	0	0	0	0	0	0	70.3895102954964	38.9484391122984	5.18731311437566	4082.25879766206	3017.85000978054	893.339021124774	0	0	0	0	0	0	0	0	0	0.0720538396827852	0.0465159275059488	0.00898214345514293
34	109289.173219092	54432.770130606	4689.03897497074	0	0	0	0	0	0	0	0	0	740.886961425912	414.383887985042	57.4246774540894	45451.5564020804	24137.0052939928	2802.3334646105	0	0	0	0	0	0	0	0	0	75.316495801844	42.2661565207012	5.91942355911063	4082.23343467774	3017.83306050078	893.335672412513	0	0	0	0	0	0	0	0	0	0.0176747545889374	0.0116853601548585	0.00240563166450505
35	109283.737060514	54427.122274166	4687.33098023231	0	0	0	0	0	0	0	0	0	746.32176443538	420.054216818359	59.1464383872549	45451.5853748791	24137.0165593468	2802.33217602364	0	0	0	0	0	0	0	0	0	78.4357257404163	44.5501253076083	6.45211630659687	4082.19427808584	3017.80605975133	893.3295361714	0	0	0	0	0	0	0	0	0	0.111411937660423	0.0737338477387473	0.0152066902403419
36	109393.323141498	54463.7246718422	4682.92407064925	0	0	0	0	0	0	0	0	0	636.426876290874	383.379194309481	63.5808860181237	45451.5735109525	24137.0147946216	2802.33426170989	0	0	0	0	0	0	0	0	0	66.1751210475436	40.0499689113877	6.72794279137372	4082.18577611712	3017.8019764657	893.329768628951	0	0	0	0	0	0	0	0	0	0.025373346135851	0.0172854040982816	0.0038195634663025
37	109295.412431669	54415.6346845617	4679.2199836744	0	0	0	0	0	0	0	0	0	734.895124384328	431.756829165594	67.313265118702	45451.5687386014	24137.0159471705	2802.33651757957	0	0	0	0	0	0	0	0	0	76.0805652223953	44.9231930738776	7.106220908946	4082.15027468874	3017.77759528459	893.324454275649	0	0	0	0	0	0	0	0	0	0.0305136219623285	0.0205211854438863	0.00439971754993796
38	109341.942893743	54429.1739377354	4675.30419919703	0	0	0	0	0	0	0	0	0	687.676692064034	417.872889927123	71.2025419672465	45451.5409683185	24136.9858617952	2802.32574349282	0	0	0	0	0	0	0	0	0	72.7465574696371	44.4746893680302	7.70077717672742	4082.27428526854	3017.85829190188	893.339744554614	0	0	0	0	0	0	0	0	0	0.0478454863263018	0.032621371837825	0.0072352370254008
39	109308.278372214	54450.2926382768	4694.99955221231	0	0	0	0	0	0	0	0	0	721.527091285097	396.686338183012	51.4245008964906	45451.607832007	24137.0320625162	2802.33581520673	0	0	0	0	0	0	0	0	0	73.1988867682407	40.3635214677027	5.28539238685281	4082.26022728807	3017.85047466703	893.339015680751	0	0	0	0	0	0	0	0	0	0.0250225770291537	0.0161930158770205	0.00314926460389697
40	109346.232541392	54451.3001614097	4686.66630703988	0	0	0	0	0	0	0	0	0	683.852232640054	395.933041058818	59.8327630186384	45451.4140114101	24136.9163292194	2802.3178101969	0	0	0	0	0	0	0	0	0	70.2441249117976	40.8519880142624	6.2555043709591	4082.28419507086	3017.86584011343	893.341840832175	0	0	0	0	0	0	0	0	0	0.0238935840926694	0.0161319948306183	0.00349470695870542
41	109387.477270757	54483.5568373517	4694.73426510857	0	0	0	0	0	0	0	0	0	642.418780610461	363.530387160679	51.7298305241635	45451.5927453539	24137.0218380199	2802.33361560843	0	0	0	0	0	0	0	0	0	66.5436986738756	37.9035629912581	5.50473624562816	4082.25517535609	3017.84631778603	893.337651757778	0	0	0	0	0	0	0	0	0	0.0503027630338331	0.0335668864017372	0.00707380206019738
42	109357.275168325	54470.6292856791	4695.10271583519	0	0	0	0	0	0	0	0	0	672.437026570083	376.334547385518	51.3327038087521	45451.4747777904	24136.9519850805	2802.32311764935	0	0	0	0	0	0	0	0	0	68.5024661049934	38.4818952455496	5.31396070627698	4082.2552542847	3017.84815234127	893.339038614789	0	0	0	0	0	0	0	0	0	0.0229132266397701	0.0151706948512128	0.00312391580827493
43	109389.633813936	54476.3074615897	4690.09209553188	0	0	0	0	0	0	0	0	0	639.935460946078	370.621042984029	56.360344076148	45451.5612065928	24137.0037277358	2802.32996537176	0	0	0	0	0	0	0	0	0	65.5424128576494	38.1131064871722	5.86438947601493	4082.2904820581	3017.87181782122	893.34495458484	0	0	0	0	0	0	0	0	0	0.0182832706255067	0.0123571798785713	0.00268592300753821
44	109434.652611298	54490.6614060492	4687.57392971258	0	0	0	0	0	0	0	0	0	594.932159317117	356.335402557492	58.9133535427396	45451.6231517485	24137.0437683524	2802.3385938513	0	0	0	0	0	0	0	0	0	62.7655170886439	37.8552117031475	6.37688888455427	4082.24423643262	3017.83916170029	893.336318475395	0	0	0	0	0	0	0	0	0	0.0524314433634294	0.0358067348569647	0.0079714765459866
45	109371.823250412	54484.4170644382	4699.14068356412	0	0	0	0	0	0	0	0	0	657.878218857515	362.509663867948	47.2778810367271	45451.5885135561	24137.023827738	2802.33602985018	0	0	0	0	0	0	0	0	0	66.576187398427	36.7773929928492	4.83703939344395	4082.23657294189	3017.83484710891	893.335859870926	0	0	0	0	0	0	0	0	0	0.0182293497901946	0.0117534178508276	0.00226497912803938
46	109246.124448245	54411.6923311958	4688.05948654227	0	0	0	0	0	0	0	0	0	783.955817079008	435.455554894429	58.3945694538031	45451.6639406233	24137.0696270437	2802.3433784416	0	0	0	0	0	0	0	0	0	79.8644109540958	44.5239354747069	6.04263817240798	4082.21551357174	3017.82018488074	893.332590461654	0	0	0	0	0	0	0	0	0	0.0286575473910383	0.0186600304785651	0.00368364858932157
47	109390.240220238	54484.7550549519	4694.87886844306	0	0	0	0	0	0	0	0	0	639.181998477694	362.06185185955	51.5453637927145	45451.6148348113	24137.0365393455	2802.3366459354	0	0	0	0	0	0	0	0	0	65.9531328653405	37.5800106869206	5.45004745654028	4082.22153550809	3017.82525732769	893.334034509646	0	0	0	0	0	0	0	0	0	0.0445505487481383	0.0299328957894795	0.00640735480997037
48	109390.301881608	54482.2121382472	4693.29725782186	0	0	0	0	0	0	0	0	0	639.224986476038	364.680737131892	53.1460272636918	45451.593163194	24137.0226467553	2802.33375299928	0	0	0	0	0	0	0	0	0	66.7537410148937	38.3803113245659	5.72699286694012	4082.23914338292	3017.83356385022	893.334118312062	0	0	0	0	0	0	0	0	0	0.0623046332517642	0.0419311324112883	0.00901450196706394
49	109391.137879418	54492.9159489048	4699.38270863089	0	0	0	0	0	0	0	0	0	638.588173008744	354.04110260879	47.0461551835679	45451.4722651451	24136.9495828405	2802.32233110974	0	0	0	0	0	0	0	0	0	64.6765023473047	35.9550258372499	4.8214474088327	4082.25870312607	3017.85089149638	893.339813459476	0	0	0	0	0	0	0	0	0	0.016624322910847	0.0108969629963839	0.00219245951394233
50	109346.327882828	54470.9527778458	4697.38330148661	0	0	0	0	0	0	0	0	0	683.207524928274	375.879402167257	49.0229864559551	45451.6167250099	24137.0415376613	2802.33907890805	0	0	0	0	0	0	0	0	0	69.4916674304652	38.366804291414	5.06324004013465	4082.23086599663	3017.83038444646	893.334652971365	0	0	0	0	0	0	0	0	0	0.027408364799413	0.0177703914449788	0.00347287121797597
51	109365.958716095	54473.0675520225	4693.36179359988	0	0	0	0	0	0	0	0	0	663.467678788913	373.73858390412	53.058339074046	45451.6137436529	24137.0367896083	2802.33701809598	0	0	0	0	0	0	0	0	0	67.8871436017374	38.4148899780825	5.53030175134223	4082.27031208982	3017.85586389685	893.339439747456	0	0	0	0	0	0	0	0	0	0.0265220016153285	0.0177436866122472	0.00377019593914868
52	109326.810069207	54452.6365657863	4691.74823525078	0	0	0	0	0	0	0	0	0	703.076603791254	394.428201636218	54.7052913871254	45451.5800652528	24137.0160044634	2802.33356464778	0	0	0	0	0	0	0	0	0	72.044081673204	40.6068618048765	5.7162827256988	4082.23664115001	3017.83386321999	893.335112984145	0	0	0	0	0	0	0	0	0	0.0352932977357018	0.0232033756844271	0.00470077157945206
53	109344.188605218	54454.4168885429	4688.14311351598	0	0	0	0	0	0	0	0	0	685.636727946865	392.652759926282	58.3294177936584	45451.5457854974	24136.9947552028	2802.32987890675	0	0	0	0	0	0	0	0	0	70.5824168880593	40.626144620632	6.12513526180595	4082.20171402654	3017.81109328334	893.33080165906	0	0	0	0	0	0	0	0	0	0.0340461392011809	0.0228645214484578	0.00490782517220748
54	109332.783975668	54456.5440160813	4692.06199227354	0	0	0	0	0	0	0	0	0	697.196282243336	390.563525102693	54.3956312391446	45451.6321484047	24137.046696286	2802.33822800098	0	0	0	0	0	0	0	0	0	70.65470075539	39.6901388370262	5.57607362322519	4082.27315060315	3017.85789240643	893.339999646113	0	0	0	0	0	0	0	0	0	0.0124348108471761	0.00817443316603029	0.00166542593226633
55	109364.699964976	54450.1350411403	4682.06856385799	0	0	0	0	0	0	0	0	0	665.415147266453	397.180304576513	64.4683757960412	45451.4614110531	24136.9431541363	2802.32121161149	0	0	0	0	0	0	0	0	0	70.0576497115272	42.098401674175	6.96302557342003	4082.22518005466	3017.82578748794	893.333185047496	0	0	0	0	0	0	0	0	0	0.0515204054941671	0.0349925267227552	0.0076794743851361
56	109377.406098615	54462.5847661189	4686.5515136323	0	0	0	0	0	0	0	0	0	652.539547698044	384.605354994388	59.9528806702298	45451.4995652407	24136.9642415949	2802.32385826826	0	0	0	0	0	0	0	0	0	68.4199969056357	40.5955947523292	6.4534748708963	4082.24713207926	3017.84153690663	893.33693445344	0	0	0	0	0	0	0	0	0	0.0624475618883539	0.0419124794323221	0.00891912906673579
57	109381.344786186	54470.8834483819	4689.39284321316	0	0	0	0	0	0	0	0	0	648.356024810824	376.131156516234	57.0755271938499	45451.6035817679	24137.0298938678	2802.33561892818	0	0	0	0	0	0	0	0	0	67.4136963044426	39.3477225703522	6.07800425789654	4082.23018533215	3017.82999488206	893.33450394064	0	0	0	0	0	0	0	0	0	0.0519863503176176	0.0345482239885503	0.0071964060862569
58	109313.925302221	54449.1078817493	4692.55810600058	0	0	0	0	0	0	0	0	0	715.705263185969	397.783565151674	53.859454838684	45451.6693179054	24137.07670432	2802.3463966551	0	0	0	0	0	0	0	0	0	72.7860045750168	40.5946958217717	5.55886020281142	4082.2622796597	3017.85178571266	893.339366404191	0	0	0	0	0	0	0	0	0	0.0228033384757662	0.0149946329663163	0.00304310736893263
59	109245.81017729	54398.6012116344	4679.85606833429	0	0	0	0	0	0	0	0	0	784.744292704426	448.900440171153	66.6884970619419	45451.5275457824	24136.9774886871	2802.324139933	0	0	0	0	0	0	0	0	0	82.8261647180227	47.8268374010358	7.30280951627294	4082.18800455955	3017.80106315593	893.328144578202	0	0	0	0	0	0	0	0	0	0.0869097272763273	0.0586765950502774	0.0127438159999634
60	109361.146512403	54481.3491019839	4699.48081936227	0	0	0	0	0	0	0	0	0	667.998018220942	365.245983322422	46.8865664729317	45451.7959139582	24137.1495959676	2802.35634007342	0	0	0	0	0	0	0	0	0	67.4528098435861	36.9604390327929	4.77913946581275	4082.25942858974	3017.84929738667	893.33847638037	0	0	0	0	0	0	0	0	0	0.0149483805361506	0.0096286451380253	0.00185066730372568
61	109432.364853169	54490.1549675227	4688.89640441767	0	0	0	0	0	0	0	0	0	597.103331246238	356.773920262571	57.5764550357671	45451.7068778288	24137.0933365225	2802.3460893709	0	0	0	0	0	0	0	0	0	62.2047554337474	37.3677520449848	6.12455682646117	4082.14049189402	3017.76917292585	893.321820304773	0	0	0	0	0	0	0	0	0	0.0354174625579518	0.0241191310869995	0.00531612895796671
62	109260.582631374	54412.3353628726	4685.28276047085	0	0	0	0	0	0	0	0	0	769.526394801344	434.865014310421	61.1923403104769	45451.5706578263	24137.0092053328	2802.33172837635	0	0	0	0	0	0	0	0	0	79.2248365131166	45.0090754880859	6.44075553324825	4082.26597915857	3017.85539250124	893.340577292421	0	0	0	0	0	0	0	0	0	0.0442865160191182	0.0293720949023644	0.00609068861427118
63	109315.225439159	54441.4611953415	4688.60133834399	0	0	0	0	0	0	0	0	0	714.486418685201	405.520013388807	57.8459166077737	45451.6551660736	24137.0604611988	2802.33989704059	0	0	0	0	0	0	0	0	0	74.2111341839905	42.4002163311529	6.1738140921365	4082.26295902463	3017.85251175571	893.339617404256	0	0	0	0	0	0	0	0	0	0.0658881443387077	0.0434300887548228	0.00885149169962213
64	109298.011688984	54438.5468340384	4690.90481367911	0	0	0	0	0	0	0	0	0	731.999296615039	408.579740518099	55.5531954512199	45451.5933206578	24137.0209659556	2802.33271732574	0	0	0	0	0	0	0	0	0	74.8599110547136	41.9674115029405	5.78793949175805	4082.24059713259	3017.83761379381	893.336535861452	0	0	0	0	0	0	0	0	0	0.0371364094329376	0.0244857615001849	0.00500586370026187
65	109279.335261416	54423.8228866381	4686.94147954551	0	0	0	0	0	0	0	0	0	750.868684731147	423.436848788239	59.5450725838513	45451.3783947594	24136.8912106959	2802.31218539791	0	0	0	0	0	0	0	0	0	76.9369452516791	43.5911226112099	6.2216837225317	4082.27589225217	3017.86068666572	893.340958470137	0	0	0	0	0	0	0	0	0	0.0299982433316134	0.020089860227157	0.00426682231860237
66	109360.285028934	54463.4676404731	4689.56894703276	0	0	0	0	0	0	0	0	0	669.399289944641	383.512563120582	56.8857525757951	45451.4971325914	24136.9608569871	2802.32111402776	0	0	0	0	0	0	0	0	0	68.4909949384888	39.3964443484348	5.91214418354684	4082.27796707698	3017.86728076691	893.345978999233	0	0	0	0	0	0	0	0	0	0.0216415327331849	0.0143256833499419	0.00296753886500445
67	109336.06638517	54466.3154163659	4697.04637724384	0	0	0	0	0	0	0	0	0	693.483935666203	380.520582833852	49.3591115683924	45451.6198633347	24137.0417301507	2802.33853501483	0	0	0	0	0	0	0	0	0	70.6726586335473	38.9277555974777	5.11484941279937	4082.23599518119	3017.83434833954	893.335681390409	0	0	0	0	0	0	0	0	0	0.0366964073762911	0.0237190941290236	0.00460278673893874
68	109344.723723738	54444.0297099187	4683.56655377858	0	0	0	0	0	0	0	0	0	684.882639977664	402.948284132608	62.901219036225	45451.5312600259	24136.979489302	2802.32313063326	0	0	0	0	0	0	0	0	0	70.7535476976488	41.8219510833592	6.61732664390237	4082.28893067677	3017.87522246974	893.347802529869	0	0	0	0	0	0	0	0	0	0.028817136706905	0.0193161861346514	0.00410630880061629
69	109314.179059277	54444.1029699614	4690.0981802086	0	0	0	0	0	0	0	0	0	715.677200584663	402.958431954866	56.3609133716253	45451.5902578947	24137.0186372045	2802.33194136007	0	0	0	0	0	0	0	0	0	74.2199584024748	42.075998960635	6.01411547281972	4082.19391088261	3017.80638160004	893.330112378324	0	0	0	0	0	0	0	0	0	0.0618012432160992	0.0412520858200792	0.00869746627412381
70	109372.372471133	54456.4144314988	4683.87623619062	0	0	0	0	0	0	0	0	0	657.676760401506	390.848943129639	62.6467756677536	45451.5868612645	24137.0194730983	2802.33374625459	0	0	0	0	0	0	0	0	0	69.6868314015374	41.7363755702322	6.83887750167864	4082.25964478529	3017.85055851274	893.339090825953	0	0	0	0	0	0	0	0	0	0.0704686696585882	0.0477421111776867	0.010414545684425
71	109340.00271985	54461.5280877623	4693.39901425518	0	0	0	0	0	0	0	0	0	689.536680176195	385.327808219693	53.020248107592	45451.6195090672	24137.0368434199	2802.33453169213	0	0	0	0	0	0	0	0	0	69.9604679148087	39.2116551773756	5.44700216754429	4082.28104812887	3017.86635094507	893.344301276132	0	0	0	0	0	0	0	0	0	0.0164679349106881	0.0108738514517247	0.00223274966978129
72	109288.243084387	54436.1281732199	4691.33844893044	0	0	0	0	0	0	0	0	0	741.33071709715	410.732571712564	55.0760147727366	45451.6203878137	24137.0463645168	2802.34123363274	0	0	0	0	0	0	0	0	0	76.2682430761016	42.4951087444299	5.80414315591728	4082.26923791942	3017.85318897183	893.337938310785	0	0	0	0	0	0	0	0	0	0.0562526664766777	0.0370471125893072	0.00756285759399056
73	109337.643624223	54437.2431966174	4680.20903403123	0	0	0	0	0	0	0	0	0	692.340491166949	409.977733406318	66.311625428676	45451.6587751506	24137.0621601893	2802.34001561668	0	0	0	0	0	0	0	0	0	73.3244904664034	43.769839236595	7.23473301219566	4082.24441919972	3017.8394932853	893.336471751604	0	0	0	0	0	0	0	0	0	0.0630120453464704	0.0428422765474949	0.00944760943298043
74	109380.280754011	54485.1753499137	4697.26728284421	0	0	0	0	0	0	0	0	0	649.639206124671	361.892376751535	49.1798761797682	45451.5595216648	24137.0035783517	2802.33166674886	0	0	0	0	0	0	0	0	0	65.8218787450082	36.7684929273432	5.04157639866753	4082.26406613967	3017.85248018867	893.339221121181	0	0	0	0	0	0	0	0	0	0.0159381276187764	0.010446001835049	0.00210840439645527
75	109275.409422542	54413.5917249761	4681.44997912741	0	0	0	0	0	0	0	0	0	754.900046804642	433.772110348318	65.0744746610382	45451.5553545099	24136.9946077768	2802.32674573945	0	0	0	0	0	0	0	0	0	79.3704702347243	46.0001282388536	7.07535161316101	4082.20888029978	3017.81604344382	893.331759679823	0	0	0	0	0	0	0	0	0	0.0773945413958771	0.0523727632800474	0.01143295469115
76	109370.443688452	54449.9861673647	4679.93504941716	0	0	0	0	0	0	0	0	0	659.695359746426	397.366033527937	66.6212009842261	45451.5697608368	24137.0039975725	2802.32842441003	0	0	0	0	0	0	0	0	0	70.8117228982251	43.0186754891907	7.37743202488253	4082.21055864112	3017.81678640775	893.331827687457	0	0	0	0	0	0	0	0	0	0.0819140538281693	0.0558756476944301	0.0124070497546085
77	109304.040144993	54446.0751936494	4693.41051427735	0	0	0	0	0	0	0	0	0	725.878815526251	400.974036845692	53.026631242388	45451.5757641937	24137.0105329873	2802.33015723965	0	0	0	0	0	0	0	0	0	73.6751849723233	40.8245407440173	5.45471010502338	4082.29477675838	3017.87562868305	893.346137033244	0	0	0	0	0	0	0	0	0	0.0216829925526375	0.0140994623084988	0.00277723610936851
78	109379.576235361	54477.381722813	4692.76561725687	0	0	0	0	0	0	0	0	0	650.116677950979	369.600929008548	53.6895239852271	45451.5650166234	24137.006750151	2802.33193682724	0	0	0	0	0	0	0	0	0	67.5129695562346	38.6506179947793	5.73422297681336	4082.19751533473	3017.80836773974	893.330151280698	0	0	0	0	0	0	0	0	0	0.0494379063326287	0.0332623865924609	0.00715484899044852
79	109369.721795029	54473.6530006048	4693.67059777876	0	0	0	0	0	0	0	0	0	660.064431307515	373.376150114922	52.7846698066063	45451.3984252357	24136.9038514534	2802.31457969393	0	0	0	0	0	0	0	0	0	68.2103691804011	38.8234494663144	5.59671916211458	4082.27599356912	3017.86043104806	893.340709965086	0	0	0	0	0	0	0	0	0	0.046620755505558	0.031199554967445	0.00660437610711435
80	109379.170319428	54483.4345029134	4696.5244046209	0	0	0	0	0	0	0	0	0	650.454130991853	363.469672282232	49.90126707759	45451.613162981	24137.0409377091	2802.33984554712	0	0	0	0	0	0	0	0	0	66.4998164177336	37.324464701431	5.19763831778583	4082.24275676766	3017.83802151123	893.336122288471	0	0	0	0	0	0	0	0	0	0.0309486913481962	0.0204321686021068	0.00419601996995538
81	109312.832979083	54452.2200497415	4694.62666435398	0	0	0	0	0	0	0	0	0	716.742627057762	394.633073007624	51.7824484973882	45451.5878142231	24137.0220029744	2802.33518697397	0	0	0	0	0	0	0	0	0	72.4689372887908	39.9969811900598	5.29100406485624	4082.27841393349	3017.86118139202	893.340516615802	0	0	0	0	0	0	0	0	0	0.013942241449634	0.00915977347543578	0.00185819626921659
82	109381.232537604	54474.6850001366	4691.01060686983	0	0	0	0	0	0	0	0	0	648.065703361679	372.071201226533	55.4106828738931	45451.7140754124	24137.0985433129	2802.34741702803	0	0	0	0	0	0	0	0	0	65.8858237558173	37.9379469596904	5.6986790087473	4082.25088671536	3017.84291153857	893.336860704713	0	0	0	0	0	0	0	0	0	0.00990266203066533	0.00659524085134047	0.00138554055208855
83	109409.445070802	54493.993293585	4696.46266132484	0	0	0	0	0	0	0	0	0	620.290210973642	353.010990735334	49.9876364243412	45451.571982859	24137.0104854022	2802.33220956057	0	0	0	0	0	0	0	0	0	63.4862198196466	36.2802491994194	5.20579325417084	4082.20590684103	3017.81543306676	893.332506481788	0	0	0	0	0	0	0	0	0	0.0302581103155909	0.0198447804932639	0.00397962841256968
84	109355.524683614	54463.1177687884	4690.6263072697	0	0	0	0	0	0	0	0	0	674.183308182024	383.879646534176	55.8329708596007	45451.5353284473	24136.9833952435	2802.32554890702	0	0	0	0	0	0	0	0	0	69.3148233367268	39.6675031232492	5.85806565583752	4082.22739769379	3017.8268567242	893.333423793471	0	0	0	0	0	0	0	0	0	0.0326067072874877	0.0217739307456244	0.00459615771186534
85	109296.335341301	54424.2381121518	4682.78549501323	0	0	0	0	0	0	0	0	0	733.672850814589	422.946906918485	63.708097512276	45451.5956013398	24137.0256947931	2802.33524604283	0	0	0	0	0	0	0	0	0	75.7879273151319	43.9295191024351	6.72316399346406	4082.20483119255	3017.81215174526	893.330503955841	0	0	0	0	0	0	0	0	0	0.0351668660881574	0.0237127482849511	0.00513021809514713
86	109258.652826623	54406.2823412716	4681.48238225478	0	0	0	0	0	0	0	0	0	771.435241786704	440.934494046112	65.0111934775027	45451.5588679416	24137.0018992716	2802.33063197583	0	0	0	0	0	0	0	0	0	80.8109952485695	46.5580411491916	7.02752235534964	4082.24983573917	3017.84115299711	893.33572172274	0	0	0	0	0	0	0	0	0	0.0789415270982217	0.0528752431899154	0.0112654933000069
87	109324.236307634	54463.7206596607	4698.72621339633	0	0	0	0	0	0	0	0	0	705.263979488862	383.069859450834	47.6647858614492	45451.6503964777	24137.0557395269	2802.33853867822	0	0	0	0	0	0	0	0	0	71.3822835632822	38.8649634987373	4.8760093942559	4082.26100518217	3017.85244205146	893.34010518893	0	0	0	0	0	0	0	0	0	0.0287021793420417	0.0181455757642122	0.00330811257018878
88	109257.232705457	54410.0341751816	4684.48245932329	0	0	0	0	0	0	0	0	0	772.738895289525	437.089399630527	61.9831724612903	45451.644974791	24137.0597528813	2802.34255012042	0	0	0	0	0	0	0	0	0	79.8466129319269	45.4382323446971	6.56685566413178	4082.20277535942	3017.81331003929	893.331980237364	0	0	0	0	0	0	0	0	0	0.0540050012755188	0.0361914857155584	0.00770456347661672
89	109321.583755863	54452.8639263169	4693.17804812778	0	0	0	0	0	0	0	0	0	708.130615444141	394.083681243024	53.250228459942	45451.6258512656	24137.04955777	2802.34160406596	0	0	0	0	0	0	0	0	0	72.9846482898249	40.8542627473354	5.62584225648862	4082.24674664776	3017.84081165439	893.336592892804	0	0	0	0	0	0	0	0	0	0.0570676028255919	0.0374072157304071	0.00752062915039701
90	109449.873980679	54498.9777769821	4688.54592268491	0	0	0	0	0	0	0	0	0	579.344440275999	347.802664653673	57.9074839246645	45451.6149758638	24137.0353528907	2802.33562276331	0	0	0	0	0	0	0	0	0	60.702720649612	36.6538730647187	6.19735717270041	4082.24432589217	3017.83904366667	893.336200964824	0	0	0	0	0	0	0	0	0	0.0409544236286528	0.027884973997179	0.00617362496515233
91	109434.903239119	54498.1758383044	4691.92147628061	0	0	0	0	0	0	0	0	0	594.775845561312	348.845580888911	54.5556787859233	45451.5284500729	24136.9840624703	2802.32818426183	0	0	0	0	0	0	0	0	0	61.6432232945774	36.3514395295192	5.77359681971897	4082.26326409495	3017.85052370288	893.337975394015	0	0	0	0	0	0	0	0	0	0.033029272205706	0.0222795481295035	0.00482029730865416
92	109382.378644618	54482.8147845524	4694.98650273331	0	0	0	0	0	0	0	0	0	647.550053711127	364.281826113795	51.4781348641667	45451.6213745047	24137.0396801801	2802.33648172715	0	0	0	0	0	0	0	0	0	67.253417097096	38.1034701237852	5.50303172659058	4082.20663309883	3017.81384147411	893.331060953834	0	0	0	0	0	0	0	0	0	0.0640863750335625	0.0421798075849464	0.0085913556091036
93	109302.273106609	54436.261219021	4687.76693447813	0	0	0	0	0	0	0	0	0	727.939558770076	411.01155725499	58.7294540541859	45451.5192892643	24136.9739457255	2802.32407413737	0	0	0	0	0	0	0	0	0	76.6973904425025	43.7239898596109	6.43301320297162	4082.22407347113	3017.82580333615	893.333519558481	0	0	0	0	0	0	0	0	0	0.102548260932922	0.0683879560426431	0.014398703262227
94	109318.681523111	54444.9930267561	4689.74932891832	0	0	0	0	0	0	0	0	0	711.002558174783	401.964856270114	56.69100020212	45451.5825041621	24137.0141522269	2802.33048021468	0	0	0	0	0	0	0	0	0	73.0945903493984	41.5369431543666	5.95414557920808	4082.2842065761	3017.86942531039	893.345338491949	0	0	0	0	0	0	0	0	0	0.0418293920409177	0.0278675535198636	0.00583854615725208
95	109380.943988789	54478.392090092	4693.33004290592	0	0	0	0	0	0	0	0	0	648.345631182529	368.348387108152	53.0835463456911	45451.5597793321	24137.0019707981	2802.33050300455	0	0	0	0	0	0	0	0	0	65.9307875808327	37.5757286542521	5.46748074797591	4082.27273793563	3017.85709217864	893.339579134076	0	0	0	0	0	0	0	0	0	0.0149586212878195	0.0099235963329974	0.00206390805880644
96	109363.182346687	54458.1462245355	4686.78298809534	0	0	0	0	0	0	0	0	0	666.70429467521	388.985513293259	59.7062262428054	45451.5665270564	24137.0092658312	2802.33314100144	0	0	0	0	0	0	0	0	0	69.7661604130581	40.9906638829745	6.42208601840524	4082.2644092859	3017.8506507447	893.337684843532	0	0	0	0	0	0	0	0	0	0.0571313437060034	0.0385543719307092	0.00832195753547263
97	109277.438254494	54414.6454876536	4682.76304234804	0	0	0	0	0	0	0	0	0	752.341679521146	432.398425683375	63.7029414645772	45451.6157601577	24137.0377156428	2802.33669343911	0	0	0	0	0	0	0	0	0	78.314510448951	45.3087702410593	6.81036586766159	4082.26178630554	3017.8487097057	893.337294696571	0	0	0	0	0	0	0	0	0	0.0613815089653193	0.0410005328929577	0.00864915576935002
98	109249.904289585	54391.384636001	4676.08026546319	0	0	0	0	0	0	0	0	0	780.600148127766	456.119801991984	70.4722789305806	45451.549385842	24136.995085756	2802.3286216359	0	0	0	0	0	0	0	0	0	81.7422474441204	48.0980833749176	7.58276665920385	4082.22825269314	3017.82805895025	893.333890887618	0	0	0	0	0	0	0	0	0	0.0586615977142585	0.0396153096604342	0.00857463201347869
99	109327.266445451	54458.3561458632	4694.63771215279	0	0	0	0	0	0	0	0	0	702.327978194314	388.523841766669	51.7814280827888	45451.5515071584	24136.9965919666	2802.32943682141	0	0	0	0	0	0	0	0	0	72.7394441562825	40.5133061938827	5.52037049988578	4082.25634029814	3017.85063307528	893.340210389649	0	0	0	0	0	0	0	0	0	0.0832701726538742	0.0542864991473146	0.0107767973385602
100	109387.336720556	54486.6275896793	4696.14622248532	0	0	0	0	0	0	0	0	0	642.213060106094	360.243426775079	50.2791928239204	45451.5589305826	24137.0096436217	2802.3354284687	0	0	0	0	0	0	0	0	0	65.4487070065765	36.8468082934128	5.20127389700049	4082.2148408645	3017.81907863446	893.332021772341	0	0	0	0	0	0	0	0	0	0.0238021362088591	0.0154927094646372	0.00306913892113177
101	109334.816131031	54469.8606833561	4699.06373173654	0	0	0	0	0	0	0	0	0	694.580934559594	376.85708299316	47.3129724734792	45451.7217254578	24137.1043021791	2802.34769289957	0	0	0	0	0	0	0	0	0	70.2737578670516	38.2214720216988	4.83862107330202	4082.28614329641	3017.87181586366	893.346362430783	0	0	0	0	0	0	0	0	0	0.0231320134659394	0.0147001875993577	0.00272755938125272
102	109347.219286595	54455.1611973276	4688.43158191929	0	0	0	0	0	0	0	0	0	682.565870568647	391.881155226414	58.0333512760138	45451.6448813726	24137.0593002938	2802.3423727812	0	0	0	0	0	0	0	0	0	70.2926911778915	40.562777124656	6.09904801331227	4082.23008848596	3017.82791718097	893.333184892412	0	0	0	0	0	0	0	0	0	0.0345124390770093	0.0231960662753519	0.0049754028044452
103	109318.636738893	54450.7605636279	4692.64973543428	0	0	0	0	0	0	0	0	0	711.257617191702	396.29265804467	53.7951871474239	45451.6298804665	24137.0512497645	2802.34164491513	0	0	0	0	0	0	0	0	0	73.0353176802882	40.9053667791374	5.64720507333698	4082.21210838508	3017.8175338404	893.331821768788	0	0	0	0	0	0	0	0	0	0.0494536154273283	0.0325068249323911	0.00657789458447252
104	109366.116651298	54459.9777438016	4687.27756641108	0	0	0	0	0	0	0	0	0	663.689357635688	387.108728623239	59.2041901646278	45451.4460644054	24136.9353253616	2802.32050307299	0	0	0	0	0	0	0	0	0	69.3787656004358	40.7473296816255	6.36089075826326	4082.26483499408	3017.85311138304	893.339313814226	0	0	0	0	0	0	0	0	0	0.0514649506319271	0.0348274390693284	0.00757208288404421
105	109343.866241706	54446.9675295862	4684.07818991451	0	0	0	0	0	0	0	0	0	685.970950322411	400.139439969241	62.412775544784	45451.512547616	24136.970619017	2802.32414781385	0	0	0	0	0	0	0	0	0	70.7569938676672	41.473951454204	6.55650111321277	4082.258494366	3017.84851961984	893.338209215486	0	0	0	0	0	0	0	0	0	0.0251483074467028	0.0169737164073389	0.00368342064388096
106	109250.460554691	54419.6240877033	4690.75931464204	0	0	0	0	0	0	0	0	0	779.43476207362	427.406691041962	55.6748998657717	45451.5526352488	24136.9991625207	2802.33069478209	0	0	0	0	0	0	0	0	0	79.6423544602153	43.859492111252	5.79472623687778	4082.24096638551	3017.83776038053	893.336385321725	0	0	0	0	0	0	0	0	0	0.0489693118372854	0.0316245321893246	0.00613729534404952
107	109342.939371034	54445.6412359772	4684.22715912261	0	0	0	0	0	0	0	0	0	686.861229608766	401.445341345253	62.2588847155601	45451.6067402087	24137.0329588138	2802.33640031676	0	0	0	0	0	0	0	0	0	72.3840800801356	42.6355271313967	6.76024074396432	4082.2533585501	3017.84401335481	893.336694166833	0	0	0	0	0	0	0	0	0	0.0771750185579985	0.0516463993742658	0.0109550483206894
108	109385.990496662	54478.3264218351	4691.7761877707	0	0	0	0	0	0	0	0	0	643.414458979857	368.493003670239	54.6551005572601	45451.566120962	24137.008006707	2802.33247307661	0	0	0	0	0	0	0	0	0	65.6375523063919	37.7283088207014	5.65628044047406	4082.26738007998	3017.8541608354	893.339237394483	0	0	0	0	0	0	0	0	0	0.0157679463533262	0.0106417714107421	0.00230848499011673
109	109370.953959507	54490.0564423415	4702.22769909401	0	0	0	0	0	0	0	0	0	658.347603815845	356.627797679978	44.1508045977296	45451.5613024352	24137.0056167489	2802.33223789643	0	0	0	0	0	0	0	0	0	66.8826240421587	36.3527989658334	4.55406152763918	4082.24858217566	3017.84358813668	893.338011602355	0	0	0	0	0	0	0	0	0	0.0341821459703092	0.0220141148644635	0.00421807014898903
110	109262.680175765	54408.3946040162	4681.50641646284	0	0	0	0	0	0	0	0	0	767.922443902865	439.119506656027	65.0326526965374	45451.5776472788	24137.0161344128	2802.33413492761	0	0	0	0	0	0	0	0	0	80.4117067944022	46.3536636715994	7.02937439437223	4082.23610628836	3017.83248872578	893.334263941356	0	0	0	0	0	0	0	0	0	0.072809964475534	0.0490569726250326	0.0106080718111594
111	109311.00191488	54429.5678650627	4682.72979139532	0	0	0	0	0	0	0	0	0	719.158119861372	417.711328811263	63.7781809641189	45451.5425550213	24136.9979121454	2802.33272227699	0	0	0	0	0	0	0	0	0	73.9546221167767	43.1479019734013	6.67379228758589	4082.26685419394	3017.85297278165	893.338610955795	0	0	0	0	0	0	0	0	0	0.0234141977925309	0.0156893392577142	0.00334081028284643
112	109407.349712382	54501.2502267626	4699.97993300107	0	0	0	0	0	0	0	0	0	622.232214466223	345.627232602128	46.4409973928164	45451.55341986	24136.9910650307	2802.32412434423	0	0	0	0	0	0	0	0	0	63.2603528254423	35.2577209052235	4.79005431140106	4082.29440596938	3017.87523655294	893.34596686237	0	0	0	0	0	0	0	0	0	0.0247634689512069	0.0160740310398418	0.00315499654383287
113	109409.287453423	54492.1584608752	4694.24242236745	0	0	0	0	0	0	0	0	0	620.153051976716	354.684849954613	52.192327112514	45451.4341567787	24136.9285534925	2802.31991526994	0	0	0	0	0	0	0	0	0	63.673396213442	36.5916875838711	5.46262002445238	4082.25319771407	3017.84525415481	893.33763077415	0	0	0	0	0	0	0	0	0	0.0277645346993423	0.0186770889545321	0.00401474835297183
114	109340.843322405	54465.9238832012	4695.46518797442	0	0	0	0	0	0	0	0	0	688.778387032493	380.975617596284	50.9602064292191	45451.6034792568	24137.0301481789	2802.33578479254	0	0	0	0	0	0	0	0	0	70.730106139513	39.3310457499953	5.35296071922019	4082.18395941023	3017.79844023746	893.327815184865	0	0	0	0	0	0	0	0	0	0.0481340716887536	0.0315003303813957	0.00631509022009076
115	109358.532648457	54466.949213189	4692.67629722326	0	0	0	0	0	0	0	0	0	671.452702110632	380.194293709004	53.7955205814143	45451.4334634401	24136.926234705	2802.31863765342	0	0	0	0	0	0	0	0	0	69.3388775493203	39.4881571952137	5.68888836830113	4082.24934698076	3017.84236850129	893.336851789124	0	0	0	0	0	0	0	0	0	0.052908063977837	0.0346332354147841	0.00694271204570759
116	109432.577384867	54502.7294966096	4694.72619729775	0	0	0	0	0	0	0	0	0	596.714498814461	344.039963355501	51.7035015126465	45451.5962758076	24137.0252894309	2802.33454672635	0	0	0	0	0	0	0	0	0	61.6414358731515	35.7309723649073	5.45449232590379	4082.21083406967	3017.81557048802	893.330932164382	0	0	0	0	0	0	0	0	0	0.0409453802206134	0.0271899808124759	0.0056626977050389
117	109402.116257111	54499.9503459817	4700.51961935279	0	0	0	0	0	0	0	0	0	626.991810364619	346.657965009947	45.8623879234063	45451.5586571996	24136.9994015912	2802.32900359938	0	0	0	0	0	0	0	0	0	63.706216457451	35.3388257681593	4.72694964348472	4082.25800263699	3017.84813602195	893.338170380829	0	0	0	0	0	0	0	0	0	0.0231576704621225	0.0151485806857817	0.00303613662201001
118	109389.50980935	54490.3676616568	4698.12888740129	0	0	0	0	0	0	0	0	0	639.982411401499	356.464652974263	48.2869137993024	45451.5769142015	24137.0138236651	2802.3332108008	0	0	0	0	0	0	0	0	0	64.8422705383235	36.2172879996248	4.95093513273045	4082.23353827221	3017.83188211155	893.33485803751	0	0	0	0	0	0	0	0	0	0.0152989064039777	0.0100486792339684	0.00203009920139533
119	109396.33970869	54495.1413961405	4699.26644134351	0	0	0	0	0	0	0	0	0	633.105639933107	351.652906195766	47.1390925841781	45451.551711908	24137.0032750541	2802.33335105401	0	0	0	0	0	0	0	0	0	64.4804782486882	35.9497996960924	4.87910018958777	4082.26951775072	3017.85581756801	893.33978048959	0	0	0	0	0	0	0	0	0	0.0257111278977644	0.0168445922878889	0.00338235745016794
120	109410.377412646	54500.5471873094	4698.5855643811	0	0	0	0	0	0	0	0	0	619.287936018051	346.385037002059	47.8462111108217	45451.4792684422	24136.9621367306	2802.32802233231	0	0	0	0	0	0	0	0	0	63.1112155138698	35.4325529930248	4.95265869961788	4082.22964560461	3017.82925000117	893.334269481942	0	0	0	0	0	0	0	0	0	0.0238806359784853	0.0156082529780627	0.00312860819484103
121	109303.552542506	54444.3029680117	4692.90863466613	0	0	0	0	0	0	0	0	0	726.207929260014	402.67293840936	53.5237681458937	45451.5698325648	24137.0104316117	2802.33282655374	0	0	0	0	0	0	0	0	0	75.7736309953748	42.3573969062279	5.78304618899283	4082.23475704117	3017.83374523021	893.335470302447	0	0	0	0	0	0	0	0	0	0.108781598912134	0.0713306493497135	0.0143505157585249
122	109278.788951612	54428.213956831	4689.73399937496	0	0	0	0	0	0	0	0	0	751.116407346025	418.847395973215	56.7120154506389	45451.6012299969	24137.0283359051	2802.33550602278	0	0	0	0	0	0	0	0	0	76.7020374529001	42.9485183737526	5.89430852781682	4082.25753084743	3017.84773214978	893.337906541367	0	0	0	0	0	0	0	0	0	0.0323213818860449	0.0212424577704577	0.00429343938619879
123	109323.334319736	54449.0439575614	4689.93817458994	0	0	0	0	0	0	0	0	0	706.34333505086	397.903910227972	56.502483496358	45451.6511409078	24137.0625249537	2802.34248808074	0	0	0	0	0	0	0	0	0	72.7891619741303	41.2302151742049	5.95330421232404	4082.26686785185	3017.85099619861	893.337242902648	0	0	0	0	0	0	0	0	0	0.0514533890134035	0.033942083550826	0.00698150024776356
124	109376.998912902	54458.7039051943	4683.89271164694	0	0	0	0	0	0	0	0	0	652.905048189456	388.474728251831	62.618705692664	45451.5961877482	24137.0252388299	2802.3343742664	0	0	0	0	0	0	0	0	0	69.2987198542719	41.5546201848519	6.84588864818142	4082.23956006106	3017.83694084121	893.336323473128	0	0	0	0	0	0	0	0	0	0.0746372728062158	0.0501587254414315	0.0107171022265624
125	109316.586274754	54442.9505189505	4688.67636559208	0	0	0	0	0	0	0	0	0	713.274243064405	404.112942184827	57.7834546686588	45451.6617201817	24137.0613115482	2802.3376430869	0	0	0	0	0	0	0	0	0	73.4359676818155	41.833529771862	6.08367162288271	4082.28553381894	3017.86936483695	893.344769240029	0	0	0	0	0	0	0	0	0	0.0378701139594691	0.0253996520455979	0.00541963888433656
126	109280.301374942	54416.3237746663	4682.13531843049	0	0	0	0	0	0	0	0	0	749.64012473326	430.815023304098	64.348248967204	45451.5901676973	24137.0189272929	2802.33225344426	0	0	0	0	0	0	0	0	0	77.7630984799785	44.9675089372787	6.83960797786656	4082.25183791393	3017.84626101128	893.338670177059	0	0	0	0	0	0	0	0	0	0.0495039760765474	0.0333120854514953	0.00717305664016533
127	109384.885446831	54479.0555821034	4692.32523814787	0	0	0	0	0	0	0	0	0	644.747042253525	367.887502645784	54.122702665734	45451.6094612993	24137.0327575738	2802.33573385582	0	0	0	0	0	0	0	0	0	65.8954699672231	37.7468000289409	5.61751825436137	4082.27853630753	3017.86179510333	893.340839236263	0	0	0	0	0	0	0	0	0	0.0223868826590824	0.0148699067079738	0.00311084833570014
128	109340.239495396	54461.9722056761	4693.07262137534	0	0	0	0	0	0	0	0	0	689.781295123586	385.16370625212	53.3920739041698	45451.5642186887	24137.0062715895	2802.33182888227	0	0	0	0	0	0	0	0	0	71.2777901790961	40.0459520553558	5.65781612673779	4082.2178367221	3017.82210199471	893.333109100061	0	0	0	0	0	0	0	0	0	0.0640494855465098	0.0418855948238186	0.00842981151827585
129	109286.553950296	54426.1111954396	4686.83257175476	0	0	0	0	0	0	0	0	0	743.160360668343	420.864936891721	59.610768195022	45451.6214838979	24137.0430539906	2802.33873475045	0	0	0	0	0	0	0	0	0	75.9341524696086	43.1738904430555	6.19183310672067	4082.2521307889	3017.84438401707	893.33741160032	0	0	0	0	0	0	0	0	0	0.0267301645739169	0.0177038636448717	0.00365682379829899
130	109394.958159581	54489.0713283173	4695.65910647593	0	0	0	0	0	0	0	0	0	634.130938917784	357.546340545612	50.7344894954075	45451.5488299516	24136.9892678565	2802.3243378364	0	0	0	0	0	0	0	0	0	64.8219096278808	36.7010114237256	5.27464890201492	4082.294336015	3017.87555243804	893.346240949031	0	0	0	0	0	0	0	0	0	0.0286733314732	0.0189472996309804	0.00390953278614551
131	109343.16645265	54450.9583718616	4686.69533825228	0	0	0	0	0	0	0	0	0	686.764058850379	396.182322381433	59.7907393754905	45451.4532723492	24136.9384029919	2802.3206624749	0	0	0	0	0	0	0	0	0	70.4203621983455	40.7975987930336	6.23344097236685	4082.22657833058	3017.82769133416	893.334225028445	0	0	0	0	0	0	0	0	0	0.0213387890118428	0.0142950893705323	0.00304378581803917
132	109338.5110185	54460.1324480403	4693.60030343643	0	0	0	0	0	0	0	0	0	690.937216479935	386.675000810214	52.8118680243556	45451.6341968682	24137.0421411874	2802.33306740278	0	0	0	0	0	0	0	0	0	71.0041353609262	39.9342354784107	5.54177577944001	4082.28270625621	3017.86996968143	893.346272600546	0	0	0	0	0	0	0	0	0	0.051580068152606	0.0332593148625515	0.00640636968363765
133	109278.135844244	54440.8400367227	4696.48064000784	0	0	0	0	0	0	0	0	0	751.466535201998	405.996118853606	49.9128479457187	45451.6609561263	24137.0667885524	2802.34244055253	0	0	0	0	0	0	0	0	0	75.7186799738716	40.9735847404538	5.06516274580441	4082.23930060238	3017.83663387166	893.336268401165	0	0	0	0	0	0	0	0	0	0.0148832329231078	0.00941991857281812	0.0017266307393301
134	109362.457900716	54473.65334167	4694.82531844901	0	0	0	0	0	0	0	0	0	666.9722567004	373.145349444494	51.5884224888649	45451.5603481691	24136.9982585472	2802.32691890125	0	0	0	0	0	0	0	0	0	67.9172222197944	38.1287882677462	5.32903939551933	4082.30904541033	3017.88393128399	893.347259105539	0	0	0	0	0	0	0	0	0	0.0255387403940509	0.0166197193286756	0.00329632448089199
135	109236.769570615	54402.3497406863	4684.47468359632	0	0	0	0	0	0	0	0	0	793.65231052547	445.020129462695	62.0255475141536	45451.565761059	24137.0020498317	2802.32869627738	0	0	0	0	0	0	0	0	0	82.0775763744318	46.3129155687627	6.58278458140084	4082.25732185052	3017.84831856899	893.338283045823	0	0	0	0	0	0	0	0	0	0.0603112733742128	0.0398041321526596	0.00818125417552918
136	109307.576851265	54447.1183234799	4693.86689408752	0	0	0	0	0	0	0	0	0	722.324093660164	399.930909102253	52.5716130164838	45451.5713080483	24137.0084784956	2802.33100491011	0	0	0	0	0	0	0	0	0	73.8426271943396	41.0562344000297	5.47290776255717	4082.24578227431	3017.84342838957	893.338782626049	0	0	0	0	0	0	0	0	0	0.0471619810282668	0.0302832978687582	0.00575103269525427
137	109319.749869746	54427.6092453061	4680.35679317774	0	0	0	0	0	0	0	0	0	710.566935847565	419.801585416716	66.1850074935389	45451.5012579765	24136.965571624	2802.32388131078	0	0	0	0	0	0	0	0	0	74.3931284072523	44.2333579042197	7.1037004815126	4082.28028582745	3017.8632812513	893.34130347622	0	0	0	0	0	0	0	0	0	0.0505365972120558	0.033978946316323	0.00727155888905296
138	109320.185962596	54421.7133594831	4675.52023694154	0	0	0	0	0	0	0	0	0	709.969897812093	425.628745898913	71.0271070869033	45451.4201178372	24136.9216782241	2802.31942285155	0	0	0	0	0	0	0	0	0	75.5126067436118	45.6216318496884	7.76841359553778	4082.26212522973	3017.85016576552	893.338046356646	0	0	0	0	0	0	0	0	0	0.0616751899141385	0.0421302644610652	0.00940005989444309
139	109363.379473972	54452.9134839986	4682.76292705242	0	0	0	0	0	0	0	0	0	666.578344869348	394.290801430985	63.7554071615992	45451.6173010599	24137.0325014895	2802.33303716636	0	0	0	0	0	0	0	0	0	70.062363187258	41.7283373265763	6.87226346629724	4082.24667380038	3017.84130557006	893.336932497962	0	0	0	0	0	0	0	0	0	0.0541870393940115	0.0366546712379932	0.00800362694347731
140	109358.161628464	54461.429218843	4688.91773331657	0	0	0	0	0	0	0	0	0	671.449784618755	385.524837624137	57.5404168087366	45451.532066226	24136.9863439873	2802.32836813926	0	0	0	0	0	0	0	0	0	69.8931645411864	40.4101796062015	6.15578466385049	4082.22693244893	3017.82525991399	893.332393092015	0	0	0	0	0	0	0	0	0	0.052754759270725	0.035596453208172	0.00771623392717409
141	109392.552200289	54474.6602660365	4689.81117182769	0	0	0	0	0	0	0	0	0	637.089362125279	372.328629694453	56.6528849891987	45451.6418592725	24137.0537965358	2802.33959978812	0	0	0	0	0	0	0	0	0	65.8280636157459	38.6614701677115	5.97095749753889	4082.24134312781	3017.83752289251	893.336171604156	0	0	0	0	0	0	0	0	0	0.0388863726228203	0.025884504677443	0.0053983298255207
142	109342.153781813	54458.7817453137	4690.9454912151	0	0	0	0	0	0	0	0	0	687.735620637378	388.292867274554	55.5157690852789	45451.5907345382	24137.0220481317	2802.33436986673	0	0	0	0	0	0	0	0	0	69.8773409874913	39.5714429188432	5.70913939820913	4082.23672080794	3017.83328366044	893.334740178658	0	0	0	0	0	0	0	0	0	0.0148450429423156	0.00970018400247922	0.00194731182830099
143	109366.052486819	54467.6178800687	4691.39752984576	0	0	0	0	0	0	0	0	0	663.831663961995	379.472693181073	55.0683726896823	45451.5641690782	24137.0087068196	2802.33376228954	0	0	0	0	0	0	0	0	0	67.6219894632696	38.7842454412664	5.68626713448036	4082.27480149371	3017.85721927843	893.339015549813	0	0	0	0	0	0	0	0	0	0.0167931098664323	0.0111579765819446	0.00232628722485158
144	109378.357008864	54458.3153069544	4682.4842502984	0	0	0	0	0	0	0	0	0	651.718478135311	388.975533607532	64.0526061125877	45451.4730442632	24136.9462831371	2802.31994327391	0	0	0	0	0	0	0	0	0	68.2359184502752	40.9703463080101	6.85431763275242	4082.24466367748	3017.8394241741	893.33639389871	0	0	0	0	0	0	0	0	0	0.0384184130962888	0.0260730782456391	0.00572873051461641
145	109353.805652696	54456.513986425	4687.99451493561	0	0	0	0	0	0	0	0	0	675.891951496258	390.496753896632	58.4721825988116	45451.5634046437	24137.0002996891	2802.32813079026	0	0	0	0	0	0	0	0	0	70.5764508712276	41.0584960448507	6.27590357877683	4082.26251984075	3017.85251688973	893.339565521431	0	0	0	0	0	0	0	0	0	0.0644126752047958	0.0429990371576869	0.00906292867503922
146	109349.437770289	54450.0911118741	4684.80625688439	0	0	0	0	0	0	0	0	0	680.598302338322	397.13608979609	61.7036457837548	45451.5387978485	24136.9883122288	2802.32770890733	0	0	0	0	0	0	0	0	0	70.4841254353467	41.3509537699967	6.52320173864241	4082.1739434546	3017.79319381976	893.327490265484	0	0	0	0	0	0	0	0	0	0.033238842613742	0.022351197869935	0.00480636109952683
147	109327.854869029	54455.4471318673	4693.83629887886	0	0	0	0	0	0	0	0	0	701.936588422443	391.556774824002	52.6022669418467	45451.4234630769	24136.921215998	2802.31824883448	0	0	0	0	0	0	0	0	0	71.7855814362307	40.2198419601913	5.48245776572972	4082.27801029333	3017.8605379407	893.340189779089	0	0	0	0	0	0	0	0	0	0.0372465308122043	0.0244167667641809	0.00487873092542369
148	109377.577549027	54452.4186066378	4679.9706198388	0	0	0	0	0	0	0	0	0	652.299825822322	394.778307948087	66.5579337193137	45451.5335531125	24136.9863478644	2802.32781749272	0	0	0	0	0	0	0	0	0	69.5650625633574	42.41141346711	7.29246831310653	4082.20570511755	3017.81427766222	893.331604815724	0	0	0	0	0	0	0	0	0	0.0734195489481193	0.0499929477580541	0.0110502248583809
149	109293.909630029	54430.1856967245	4686.62357891236	0	0	0	0	0	0	0	0	0	736.049719319837	416.938332679601	59.8472804248607	45451.5327345524	24136.9838930127	2802.32684496204	0	0	0	0	0	0	0	0	0	76.0799573915008	43.3479438161833	6.33287585876186	4082.25962858441	3017.85062043281	893.339196300438	0	0	0	0	0	0	0	0	0	0.0580510147166253	0.0381370864612026	0.00774414358144614
150	109326.044328443	54459.0908420468	4695.59434614783	0	0	0	0	0	0	0	0	0	703.39451785392	387.680914306281	50.8005010658714	45451.6766264375	24137.081081106	2802.34716908406	0	0	0	0	0	0	0	0	0	71.7032823977891	39.6727055693657	5.26614492266877	4082.25962013173	3017.8500285025	893.338843013257	0	0	0	0	0	0	0	0	0	0.0345973838883523	0.0224786941360798	0.00442253007337297
151	109286.88465153	54423.8568790619	4684.7049246516	0	0	0	0	0	0	0	0	0	743.097518456842	423.297481179034	61.7780312066332	45451.5434602014	24136.9920462574	2802.32850576862	0	0	0	0	0	0	0	0	0	77.6937003497665	44.6104667667288	6.66794753182064	4082.20726267121	3017.81465189023	893.331311558556	0	0	0	0	0	0	0	0	0	0.0765398198557106	0.051436966181816	0.0110281974448989
152	109395.368607014	54482.5310458955	4692.83484162022	0	0	0	0	0	0	0	0	0	634.08116363713	364.314864817154	53.5973247962613	45451.62242862	24137.0398874453	2802.33528392465	0	0	0	0	0	0	0	0	0	64.9238368547867	37.4546816035995	5.57907576356684	4082.28121551485	3017.86702586082	893.344651697128	0	0	0	0	0	0	0	0	0	0.0254236973627498	0.0169006286368658	0.00351662645441266
153	109384.723768382	54483.4571369105	4695.20850343352	0	0	0	0	0	0	0	0	0	645.068733682584	363.563613435701	51.2421318894312	45451.436615298	24136.9286984792	2802.31914388833	0	0	0	0	0	0	0	0	0	66.0550686506179	37.4011533422854	5.34823612657357	4082.27470207643	3017.8608700665	893.341482571179	0	0	0	0	0	0	0	0	0	0.0286352495699436	0.0190484466630878	0.00398727062544756
154	109383.928975313	54485.5820457788	4696.71804355072	0	0	0	0	0	0	0	0	0	645.460225570006	361.196258651494	49.6930188226139	45451.5618277684	24136.996589923	2802.32524850524	0	0	0	0	0	0	0	0	0	65.3138955955106	36.640825371487	5.08188489966679	4082.3035991153	3017.88068404655	893.346826149299	0	0	0	0	0	0	0	0	0	0.0105443503915048	0.00698673598803543	0.00144667073323731
155	109389.878152189	54477.0674421254	4690.32904440457	0	0	0	0	0	0	0	0	0	639.676313374505	369.852976258802	56.1233211347097	45451.6354186316	24137.0501501464	2802.33917704817	0	0	0	0	0	0	0	0	0	65.8292488174371	38.2383661799489	5.88006469571179	4082.24882211869	3017.84204389628	893.336907323172	0	0	0	0	0	0	0	0	0	0.0294004135880123	0.0194944087647803	0.00405152997418345
156	109411.585090776	54485.2499377742	4689.81532471421	0	0	0	0	0	0	0	0	0	617.985798667009	361.701318137633	56.6499998875359	45451.5208901693	24136.9732186417	2802.3222671005	0	0	0	0	0	0	0	0	0	63.7631213787008	37.5021750363276	5.95454652946161	4082.29653604381	3017.87818184054	893.347303100467	0	0	0	0	0	0	0	0	0	0.025213191610748	0.0170912188946759	0.00374128150452453
157	109352.247670576	54476.0148617146	4698.75289131203	0	0	0	0	0	0	0	0	0	677.391201927651	370.863864881381	47.6563172609165	45451.6596071475	24137.0575967992	2802.33610168658	0	0	0	0	0	0	0	0	0	68.5944711440793	37.6601857865391	4.88621259048129	4082.30122432054	3017.87798866135	893.345725482647	0	0	0	0	0	0	0	0	0	0.0200727569416247	0.0131097237317967	0.00261649832060957
158	109266.129154188	54421.0106079197	4688.52868083761	0	0	0	0	0	0	0	0	0	763.954474757007	426.152758915864	57.93287981481	45451.6354924561	24137.0529837387	2802.34115042779	0	0	0	0	0	0	0	0	0	78.3071429905622	43.8804099146335	6.05253614864388	4082.17616642764	3017.79454061328	893.327620761548	0	0	0	0	0	0	0	0	0	0.0477476903546965	0.0307419270655945	0.005899690887049
159	109325.137835489	54460.7178063244	4696.76083325511	0	0	0	0	0	0	0	0	0	704.513676226382	386.172785712899	49.650505979366	45451.6116848157	24137.037792975	2802.33838506007	0	0	0	0	0	0	0	0	0	71.8390213471735	39.5266040875213	5.14661672529092	4082.25314365548	3017.84317254188	893.336211939749	0	0	0	0	0	0	0	0	0	0.0454402854849287	0.0289489652785099	0.00540498638705923
160	109382.024829861	54482.9764978414	4695.98629083937	0	0	0	0	0	0	0	0	0	647.775456377675	364.039022722496	50.4590296924031	45451.595152554	24137.0260810048	2802.33548598886	0	0	0	0	0	0	0	0	0	66.4952099118743	37.5543159185828	5.28812684070587	4082.24949191901	3017.84260391112	893.337000668007	0	0	0	0	0	0	0	0	0	0.0406901140122772	0.0266993678911725	0.00539788578188232
161	109326.600075713	54465.4985738667	4698.60575473491	0	0	0	0	0	0	0	0	0	703.079173070005	381.383213938883	47.7960261402104	45451.657698487	24137.0674170792	2802.34383538325	0	0	0	0	0	0	0	0	0	71.5922812529698	38.9776603389523	4.94601287196102	4082.27249661213	3017.85735560773	893.339773345548	0	0	0	0	0	0	0	0	0	0.0427803535011306	0.0271742386314517	0.00502070392902423
162	109310.352794595	54457.4620580854	4698.33976655091	0	0	0	0	0	0	0	0	0	719.254202700074	389.381396459016	48.0552553605898	45451.5879921845	24137.0182418022	2802.33155989969	0	0	0	0	0	0	0	0	0	72.8521744506145	39.5429121325861	4.92463219305964	4082.27292741891	3017.86419461034	893.345322385608	0	0	0	0	0	0	0	0	0	0.0299127831482232	0.0189995401409034	0.00350394943411576
163	109330.147517385	54458.0368024489	4693.69490981162	0	0	0	0	0	0	0	0	0	699.739223157181	389.013446563391	52.7519876986837	45451.5754604401	24137.0118234668	2802.33208558107	0	0	0	0	0	0	0	0	0	71.5240503518431	39.9401462405728	5.49467863485556	4082.2401056125	3017.83598310806	893.335490873619	0	0	0	0	0	0	0	0	0	0.0348285895875036	0.0230224197373214	0.00474479951674021
164	109331.109023121	54465.2552529093	4697.72348900899	0	0	0	0	0	0	0	0	0	698.278511364559	381.482146078143	48.6657726308412	45451.6174548914	24137.0333807097	2802.33266196919	0	0	0	0	0	0	0	0	0	71.4363228588979	39.2075269200173	5.08111670407902	4082.31258574575	3017.88616158488	893.347640383081	0	0	0	0	0	0	0	0	0	0.0533399838462253	0.0345415573809345	0.00674063399634453
165	109333.383475779	54455.29313788	4692.03885011208	0	0	0	0	0	0	0	0	0	696.526239461556	391.795936965809	54.4215400132444	45451.5339582182	24136.9830901511	2802.32585812587	0	0	0	0	0	0	0	0	0	71.4860529536161	40.4149416915387	5.70611623395973	4082.25577664766	3017.84683910782	893.337817148229	0	0	0	0	0	0	0	0	0	0.0375483034146391	0.0251045960358411	0.00530770072295988
166	109357.802591855	54463.7475375493	4690.64010372846	0	0	0	0	0	0	0	0	0	672.065765450307	383.34295416921	55.8312433749617	45451.3551216899	24136.8753426484	2802.30870220653	0	0	0	0	0	0	0	0	0	68.7742216707164	39.3940818194081	5.81139073238504	4082.2642147864	3017.85430409757	893.34028113692	0	0	0	0	0	0	0	0	0	0.0222149591249077	0.0148759503474366	0.0031633030945492
167	109353.369660489	54468.614860625	4694.1042994706	0	0	0	0	0	0	0	0	0	676.078936693269	378.194006686871	52.3109328490174	45451.6452271322	24137.0558698224	2802.3401516248	0	0	0	0	0	0	0	0	0	68.8927707711925	38.6793654731324	5.41199929624412	4082.24599993962	3017.84013173203	893.336429026797	0	0	0	0	0	0	0	0	0	0.0252290036994336	0.0165222103742977	0.0033307269215835
168	109354.506592763	54462.9007682052	4690.84753736835	0	0	0	0	0	0	0	0	0	675.023731815048	383.986016061442	55.5918904616256	45451.6187733734	24137.0371954041	2802.33579238726	0	0	0	0	0	0	0	0	0	70.144357369248	40.1720126995953	5.93616024344607	4082.24437465558	3017.8380241407	893.335434337185	0	0	0	0	0	0	0	0	0	0.0601673008958837	0.039914060639965	0.00829504195456319
