WeekIndex	FirstDoses	SecondDoses	dataDate	FirstDosesG1	FirstDosesG2	FirstDosesG3	SecondDosesG1	SecondDosesG2	SecondDosesG3
 17	   0	   0	2022-04-26	  0.00000000	  0.00000000	  0.00000000	 0.00000000	  0.00000000	  0.00000000
 17	   0	   0	2022-04-27	  0.00000000	  0.00000000	  0.00000000	 0.00000000	  0.00000000	  0.00000000
 17	   0	   0	2022-04-28	  0.00000000	  0.00000000	  0.00000000	 0.00000000	  0.00000000	  0.00000000
 17	   0	   0	2022-04-29	  0.00000000	  0.00000000	  0.00000000	 0.00000000	  0.00000000	  0.00000000
 17	   0	   0	2022-04-30	  0.00000000	  0.00000000	  0.00000000	 0.00000000	  0.00000000	  0.00000000
 17	   0	   0	2022-05-01	  0.00000000	  0.00000000	  0.00000000	 0.00000000	  0.00000000	  0.00000000
 18	   0	   0	2022-05-02	  0.00000000	  0.00000000	  0.00000000	 0.00000000	  0.00000000	  0.00000000
 18	   0	   0	2022-05-03	  0.00000000	  0.00000000	  0.00000000	 0.00000000	  0.00000000	  0.00000000
 18	   0	   0	2022-05-04	  0.00000000	  0.00000000	  0.00000000	 0.00000000	  0.00000000	  0.00000000
 18	   0	   0	2022-05-05	  0.00000000	  0.00000000	  0.00000000	 0.00000000	  0.00000000	  0.00000000
 18	   0	   0	2022-05-06	  0.00000000	  0.00000000	  0.00000000	 0.00000000	  0.00000000	  0.00000000
 18	   0	   0	2022-05-07	  0.00000000	  0.00000000	  0.00000000	 0.00000000	  0.00000000	  0.00000000
 18	   0	   0	2022-05-08	  0.00000000	  0.00000000	  0.00000000	 0.00000000	  0.00000000	  0.00000000
 19	   0	   0	2022-05-09	  0.00000000	  0.00000000	  0.00000000	 0.00000000	  0.00000000	  0.00000000
 19	   0	   0	2022-05-10	  0.00000000	  0.00000000	  0.00000000	 0.00000000	  0.00000000	  0.00000000
 19	   0	   0	2022-05-11	  0.00000000	  0.00000000	  0.00000000	 0.00000000	  0.00000000	  0.00000000
 19	   0	   0	2022-05-12	  0.00000000	  0.00000000	  0.00000000	 0.00000000	  0.00000000	  0.00000000
 19	   0	   0	2022-05-13	  0.00000000	  0.00000000	  0.00000000	 0.00000000	  0.00000000	  0.00000000
 19	   0	   0	2022-05-14	  0.00000000	  0.00000000	  0.00000000	 0.00000000	  0.00000000	  0.00000000
 19	   0	   0	2022-05-15	  0.00000000	  0.00000000	  0.00000000	 0.00000000	  0.00000000	  0.00000000
 20	   0	   0	2022-05-16	  0.00000000	  0.00000000	  0.00000000	 0.00000000	  0.00000000	  0.00000000
 20	   0	   0	2022-05-17	  0.00000000	  0.00000000	  0.00000000	 0.00000000	  0.00000000	  0.00000000
 20	   0	   0	2022-05-18	  0.00000000	  0.00000000	  0.00000000	 0.00000000	  0.00000000	  0.00000000
 20	   0	   0	2022-05-19	  0.00000000	  0.00000000	  0.00000000	 0.00000000	  0.00000000	  0.00000000
 20	   0	   0	2022-05-20	  0.00000000	  0.00000000	  0.00000000	 0.00000000	  0.00000000	  0.00000000
 20	   0	   0	2022-05-21	  0.00000000	  0.00000000	  0.00000000	 0.00000000	  0.00000000	  0.00000000
 20	   0	   0	2022-05-22	  0.00000000	  0.00000000	  0.00000000	 0.00000000	  0.00000000	  0.00000000
 21	   0	   0	2022-05-23	  0.00000000	  0.00000000	  0.00000000	 0.00000000	  0.00000000	  0.00000000
 21	   0	   0	2022-05-24	  0.00000000	  0.00000000	  0.00000000	 0.00000000	  0.00000000	  0.00000000
 21	   0	   0	2022-05-25	  0.00000000	  0.00000000	  0.00000000	 0.00000000	  0.00000000	  0.00000000
 21	   0	   0	2022-05-26	  0.00000000	  0.00000000	  0.00000000	 0.00000000	  0.00000000	  0.00000000
 21	   0	   0	2022-05-27	  0.00000000	  0.00000000	  0.00000000	 0.00000000	  0.00000000	  0.00000000
 21	   0	   0	2022-05-28	  0.00000000	  0.00000000	  0.00000000	 0.00000000	  0.00000000	  0.00000000
 21	   0	   0	2022-05-29	  0.00000000	  0.00000000	  0.00000000	 0.00000000	  0.00000000	  0.00000000
 22	   0	   0	2022-05-30	  0.00000000	  0.00000000	  0.00000000	 0.00000000	  0.00000000	  0.00000000
 22	   0	   0	2022-05-31	  0.00000000	  0.00000000	  0.00000000	 0.00000000	  0.00000000	  0.00000000
 22	   0	   0	2022-06-01	  0.00000000	  0.00000000	  0.00000000	 0.00000000	  0.00000000	  0.00000000
 22	   0	   0	2022-06-02	  0.00000000	  0.00000000	  0.00000000	 0.00000000	  0.00000000	  0.00000000
 22	   0	   0	2022-06-03	  0.00000000	  0.00000000	  0.00000000	 0.00000000	  0.00000000	  0.00000000
 22	   0	   0	2022-06-04	  0.00000000	  0.00000000	  0.00000000	 0.00000000	  0.00000000	  0.00000000
 22	   0	   0	2022-06-05	  0.00000000	  0.00000000	  0.00000000	 0.00000000	  0.00000000	  0.00000000
 23	   0	   0	2022-06-06	  0.00000000	  0.00000000	  0.00000000	 0.00000000	  0.00000000	  0.00000000
 23	   0	   0	2022-06-07	  0.00000000	  0.00000000	  0.00000000	 0.00000000	  0.00000000	  0.00000000
 23	   0	   0	2022-06-08	  0.00000000	  0.00000000	  0.00000000	 0.00000000	  0.00000000	  0.00000000
 23	   0	   0	2022-06-09	  0.00000000	  0.00000000	  0.00000000	 0.00000000	  0.00000000	  0.00000000
 23	   0	   0	2022-06-10	  0.00000000	  0.00000000	  0.00000000	 0.00000000	  0.00000000	  0.00000000
 23	   0	   0	2022-06-11	  0.00000000	  0.00000000	  0.00000000	 0.00000000	  0.00000000	  0.00000000
 23	   0	   0	2022-06-12	  0.00000000	  0.00000000	  0.00000000	 0.00000000	  0.00000000	  0.00000000
 24	   0	   0	2022-06-13	  0.00000000	  0.00000000	  0.00000000	 0.00000000	  0.00000000	  0.00000000
 24	   0	   0	2022-06-14	  0.00000000	  0.00000000	  0.00000000	 0.00000000	  0.00000000	  0.00000000
 24	   0	   0	2022-06-15	  0.00000000	  0.00000000	  0.00000000	 0.00000000	  0.00000000	  0.00000000
 24	   0	   0	2022-06-16	  0.00000000	  0.00000000	  0.00000000	 0.00000000	  0.00000000	  0.00000000
 24	   0	   0	2022-06-17	  0.00000000	  0.00000000	  0.00000000	 0.00000000	  0.00000000	  0.00000000
 24	   0	   0	2022-06-18	  0.00000000	  0.00000000	  0.00000000	 0.00000000	  0.00000000	  0.00000000
 24	   0	   0	2022-06-19	  0.00000000	  0.00000000	  0.00000000	 0.00000000	  0.00000000	  0.00000000
 25	   0	   0	2022-06-20	  0.00000000	  0.00000000	  0.00000000	 0.00000000	  0.00000000	  0.00000000
 25	   0	   0	2022-06-21	  0.00000000	  0.00000000	  0.00000000	 0.00000000	  0.00000000	  0.00000000
 25	   0	   0	2022-06-22	  0.00000000	  0.00000000	  0.00000000	 0.00000000	  0.00000000	  0.00000000
 25	   0	   0	2022-06-23	  0.00000000	  0.00000000	  0.00000000	 0.00000000	  0.00000000	  0.00000000
 25	   0	   0	2022-06-24	  0.00000000	  0.00000000	  0.00000000	 0.00000000	  0.00000000	  0.00000000
 25	   0	   0	2022-06-25	  0.00000000	  0.00000000	  0.00000000	 0.00000000	  0.00000000	  0.00000000
 25	   0	   0	2022-06-26	  0.00000000	  0.00000000	  0.00000000	 0.00000000	  0.00000000	  0.00000000
 26	   0	   0	2022-06-27	  0.00000000	  0.00000000	  0.00000000	 0.00000000	  0.00000000	  0.00000000
 26	   0	   0	2022-06-28	  0.00000000	  0.00000000	  0.00000000	 0.00000000	  0.00000000	  0.00000000
 26	   0	   0	2022-06-29	  0.00000000	  0.00000000	  0.00000000	 0.00000000	  0.00000000	  0.00000000
 26	   0	   0	2022-06-30	  0.00000000	  0.00000000	  0.00000000	 0.00000000	  0.00000000	  0.00000000
 26	   0	   0	2022-07-01	  0.00000000	  0.00000000	  0.00000000	 0.00000000	  0.00000000	  0.00000000
 26	   0	   0	2022-07-02	  0.00000000	  0.00000000	  0.00000000	 0.00000000	  0.00000000	  0.00000000
 26	   0	   0	2022-07-03	  0.00000000	  0.00000000	  0.00000000	 0.00000000	  0.00000000	  0.00000000
 27	   0	   0	2022-07-04	  0.00000000	  0.00000000	  0.00000000	 0.00000000	  0.00000000	  0.00000000
 27	   0	   0	2022-07-05	  0.00000000	  0.00000000	  0.00000000	 0.00000000	  0.00000000	  0.00000000
 27	   0	   0	2022-07-06	  0.00000000	  0.00000000	  0.00000000	 0.00000000	  0.00000000	  0.00000000
 27	   0	   0	2022-07-07	  0.00000000	  0.00000000	  0.00000000	 0.00000000	  0.00000000	  0.00000000
 27	   0	   0	2022-07-08	  0.00000000	  0.00000000	  0.00000000	 0.00000000	  0.00000000	  0.00000000
 27	   0	   0	2022-07-09	  0.00000000	  0.00000000	  0.00000000	 0.00000000	  0.00000000	  0.00000000
 27	   0	   0	2022-07-10	  0.00000000	  0.00000000	  0.00000000	 0.00000000	  0.00000000	  0.00000000
 28	   0	   0	2022-07-11	  0.00000000	  0.00000000	  0.00000000	 0.00000000	  0.00000000	  0.00000000
 28	   0	   0	2022-07-12	  0.00000000	  0.00000000	  0.00000000	 0.00000000	  0.00000000	  0.00000000
 28	   0	   0	2022-07-13	  0.00000000	  0.00000000	  0.00000000	 0.00000000	  0.00000000	  0.00000000
 28	   0	   0	2022-07-14	  0.00000000	  0.00000000	  0.00000000	 0.00000000	  0.00000000	  0.00000000
 28	   0	   0	2022-07-15	  0.00000000	  0.00000000	  0.00000000	 0.00000000	  0.00000000	  0.00000000
 28	   0	   0	2022-07-16	  0.00000000	  0.00000000	  0.00000000	 0.00000000	  0.00000000	  0.00000000
 28	   0	   0	2022-07-17	  0.00000000	  0.00000000	  0.00000000	 0.00000000	  0.00000000	  0.00000000
 29	   6	   0	2022-07-18	  0.17142857	  0.34285714	  0.34285714	 0.00000000	  0.00000000	  0.00000000
 29	   6	   0	2022-07-19	  0.17142857	  0.34285714	  0.34285714	 0.00000000	  0.00000000	  0.00000000
 29	   6	   0	2022-07-20	  0.17142857	  0.34285714	  0.34285714	 0.00000000	  0.00000000	  0.00000000
 29	   6	   0	2022-07-21	  0.17142857	  0.34285714	  0.34285714	 0.00000000	  0.00000000	  0.00000000
 29	   6	   0	2022-07-22	  0.17142857	  0.34285714	  0.34285714	 0.00000000	  0.00000000	  0.00000000
 29	   6	   0	2022-07-23	  0.17142857	  0.34285714	  0.34285714	 0.00000000	  0.00000000	  0.00000000
 29	   6	   0	2022-07-24	  0.17142857	  0.34285714	  0.34285714	 0.00000000	  0.00000000	  0.00000000
 30	  16	   0	2022-07-25	  0.45714286	  0.91428571	  0.91428571	 0.00000000	  0.00000000	  0.00000000
 30	  16	   0	2022-07-26	  0.45714286	  0.91428571	  0.91428571	 0.00000000	  0.00000000	  0.00000000
 30	  16	   0	2022-07-27	  0.45714286	  0.91428571	  0.91428571	 0.00000000	  0.00000000	  0.00000000
 30	  16	   0	2022-07-28	  0.45714286	  0.91428571	  0.91428571	 0.00000000	  0.00000000	  0.00000000
 30	  16	   0	2022-07-29	  0.45714286	  0.91428571	  0.91428571	 0.00000000	  0.00000000	  0.00000000
 30	  16	   0	2022-07-30	  0.45714286	  0.91428571	  0.91428571	 0.00000000	  0.00000000	  0.00000000
 30	  16	   0	2022-07-31	  0.45714286	  0.91428571	  0.91428571	 0.00000000	  0.00000000	  0.00000000
 31	   6	   0	2022-08-01	  0.17142857	  0.34285714	  0.34285714	 0.00000000	  0.00000000	  0.00000000
 31	   6	   0	2022-08-02	  0.17142857	  0.34285714	  0.34285714	 0.00000000	  0.00000000	  0.00000000
 31	   6	   0	2022-08-03	  0.17142857	  0.34285714	  0.34285714	 0.00000000	  0.00000000	  0.00000000
 31	   6	   0	2022-08-04	  0.17142857	  0.34285714	  0.34285714	 0.00000000	  0.00000000	  0.00000000
 31	   6	   0	2022-08-05	  0.17142857	  0.34285714	  0.34285714	 0.00000000	  0.00000000	  0.00000000
 31	   6	   0	2022-08-06	  0.17142857	  0.34285714	  0.34285714	 0.00000000	  0.00000000	  0.00000000
 31	   6	   0	2022-08-07	  0.17142857	  0.34285714	  0.34285714	 0.00000000	  0.00000000	  0.00000000
 32	 720	  19	2022-08-08	 20.57142857	 41.14285714	 41.14285714	 0.54285714	  1.08571429	  1.08571429
 32	 720	  19	2022-08-09	 20.57142857	 41.14285714	 41.14285714	 0.54285714	  1.08571429	  1.08571429
 32	 720	  19	2022-08-10	 20.57142857	 41.14285714	 41.14285714	 0.54285714	  1.08571429	  1.08571429
 32	 720	  19	2022-08-11	 20.57142857	 41.14285714	 41.14285714	 0.54285714	  1.08571429	  1.08571429
 32	 720	  19	2022-08-12	 20.57142857	 41.14285714	 41.14285714	 0.54285714	  1.08571429	  1.08571429
 32	 720	  19	2022-08-13	 20.57142857	 41.14285714	 41.14285714	 0.54285714	  1.08571429	  1.08571429
 32	 720	  19	2022-08-14	 20.57142857	 41.14285714	 41.14285714	 0.54285714	  1.08571429	  1.08571429
 33	2407	  24	2022-08-15	 68.77142857	137.54285714	137.54285714	 0.68571429	  1.37142857	  1.37142857
 33	2407	  24	2022-08-16	 68.77142857	137.54285714	137.54285714	 0.68571429	  1.37142857	  1.37142857
 33	2407	  24	2022-08-17	 68.77142857	137.54285714	137.54285714	 0.68571429	  1.37142857	  1.37142857
 33	2407	  24	2022-08-18	 68.77142857	137.54285714	137.54285714	 0.68571429	  1.37142857	  1.37142857
 33	2407	  24	2022-08-19	 68.77142857	137.54285714	137.54285714	 0.68571429	  1.37142857	  1.37142857
 33	2407	  24	2022-08-20	 68.77142857	137.54285714	137.54285714	 0.68571429	  1.37142857	  1.37142857
 33	2407	  24	2022-08-21	 68.77142857	137.54285714	137.54285714	 0.68571429	  1.37142857	  1.37142857
 34	3779	  53	2022-08-22	107.97142857	215.94285714	215.94285714	 1.51428571	  3.02857143	  3.02857143
 34	3779	  53	2022-08-23	107.97142857	215.94285714	215.94285714	 1.51428571	  3.02857143	  3.02857143
 34	3779	  53	2022-08-24	107.97142857	215.94285714	215.94285714	 1.51428571	  3.02857143	  3.02857143
 34	3779	  53	2022-08-25	107.97142857	215.94285714	215.94285714	 1.51428571	  3.02857143	  3.02857143
 34	3779	  53	2022-08-26	107.97142857	215.94285714	215.94285714	 1.51428571	  3.02857143	  3.02857143
 34	3779	  53	2022-08-27	107.97142857	215.94285714	215.94285714	 1.51428571	  3.02857143	  3.02857143
 34	3779	  53	2022-08-28	107.97142857	215.94285714	215.94285714	 1.51428571	  3.02857143	  3.02857143
 35	2690	  33	2022-08-29	 76.85714286	153.71428571	153.71428571	 0.94285714	  1.88571429	  1.88571429
 35	2690	  33	2022-08-30	 76.85714286	153.71428571	153.71428571	 0.94285714	  1.88571429	  1.88571429
 35	2690	  33	2022-08-31	 76.85714286	153.71428571	153.71428571	 0.94285714	  1.88571429	  1.88571429
 35	2690	  33	2022-09-01	 76.85714286	153.71428571	153.71428571	 0.94285714	  1.88571429	  1.88571429
 35	2690	  33	2022-09-02	 76.85714286	153.71428571	153.71428571	 0.94285714	  1.88571429	  1.88571429
 35	2690	  33	2022-09-03	 76.85714286	153.71428571	153.71428571	 0.94285714	  1.88571429	  1.88571429
 35	2690	  33	2022-09-04	 76.85714286	153.71428571	153.71428571	 0.94285714	  1.88571429	  1.88571429
 36	1924	 317	2022-09-05	 54.97142857	109.94285714	109.94285714	 9.05714286	 18.11428571	 18.11428571
 36	1924	 317	2022-09-06	 54.97142857	109.94285714	109.94285714	 9.05714286	 18.11428571	 18.11428571
 36	1924	 317	2022-09-07	 54.97142857	109.94285714	109.94285714	 9.05714286	 18.11428571	 18.11428571
 36	1924	 317	2022-09-08	 54.97142857	109.94285714	109.94285714	 9.05714286	 18.11428571	 18.11428571
 36	1924	 317	2022-09-09	 54.97142857	109.94285714	109.94285714	 9.05714286	 18.11428571	 18.11428571
 36	1924	 317	2022-09-10	 54.97142857	109.94285714	109.94285714	 9.05714286	 18.11428571	 18.11428571
 36	1924	 317	2022-09-11	 54.97142857	109.94285714	109.94285714	 9.05714286	 18.11428571	 18.11428571
 37	1813	1190	2022-09-12	 51.80000000	103.60000000	103.60000000	34.00000000	 68.00000000	 68.00000000
 37	1813	1190	2022-09-13	 51.80000000	103.60000000	103.60000000	34.00000000	 68.00000000	 68.00000000
 37	1813	1190	2022-09-14	 51.80000000	103.60000000	103.60000000	34.00000000	 68.00000000	 68.00000000
 37	1813	1190	2022-09-15	 51.80000000	103.60000000	103.60000000	34.00000000	 68.00000000	 68.00000000
 37	1813	1190	2022-09-16	 51.80000000	103.60000000	103.60000000	34.00000000	 68.00000000	 68.00000000
 37	1813	1190	2022-09-17	 51.80000000	103.60000000	103.60000000	34.00000000	 68.00000000	 68.00000000
 37	1813	1190	2022-09-18	 51.80000000	103.60000000	103.60000000	34.00000000	 68.00000000	 68.00000000
 38	 978	1374	2022-09-19	 27.94285714	 55.88571429	 55.88571429	39.25714286	 78.51428571	 78.51428571
 38	 978	1374	2022-09-20	 27.94285714	 55.88571429	 55.88571429	39.25714286	 78.51428571	 78.51428571
 38	 978	1374	2022-09-21	 27.94285714	 55.88571429	 55.88571429	39.25714286	 78.51428571	 78.51428571
 38	 978	1374	2022-09-22	 27.94285714	 55.88571429	 55.88571429	39.25714286	 78.51428571	 78.51428571
 38	 978	1374	2022-09-23	 27.94285714	 55.88571429	 55.88571429	39.25714286	 78.51428571	 78.51428571
 38	 978	1374	2022-09-24	 27.94285714	 55.88571429	 55.88571429	39.25714286	 78.51428571	 78.51428571
 38	 978	1374	2022-09-25	 27.94285714	 55.88571429	 55.88571429	39.25714286	 78.51428571	 78.51428571
 39	 993	2190	2022-09-26	 28.37142857	 56.74285714	 56.74285714	62.57142857	125.14285714	125.14285714
 39	 993	2190	2022-09-27	 28.37142857	 56.74285714	 56.74285714	62.57142857	125.14285714	125.14285714
 39	 993	2190	2022-09-28	 28.37142857	 56.74285714	 56.74285714	62.57142857	125.14285714	125.14285714
 39	 993	2190	2022-09-29	 28.37142857	 56.74285714	 56.74285714	62.57142857	125.14285714	125.14285714
 39	 993	2190	2022-09-30	 28.37142857	 56.74285714	 56.74285714	62.57142857	125.14285714	125.14285714
 39	 993	2190	2022-10-01	 28.37142857	 56.74285714	 56.74285714	62.57142857	125.14285714	125.14285714
 39	 993	2190	2022-10-02	 28.37142857	 56.74285714	 56.74285714	62.57142857	125.14285714	125.14285714
 40	 831	1596	2022-10-03	 23.74285714	 47.48571429	 47.48571429	45.60000000	 91.20000000	 91.20000000
 40	 831	1596	2022-10-04	 23.74285714	 47.48571429	 47.48571429	45.60000000	 91.20000000	 91.20000000
 40	 831	1596	2022-10-05	 23.74285714	 47.48571429	 47.48571429	45.60000000	 91.20000000	 91.20000000
 40	 831	1596	2022-10-06	 23.74285714	 47.48571429	 47.48571429	45.60000000	 91.20000000	 91.20000000
 40	 831	1596	2022-10-07	 23.74285714	 47.48571429	 47.48571429	45.60000000	 91.20000000	 91.20000000
 40	 831	1596	2022-10-08	 23.74285714	 47.48571429	 47.48571429	45.60000000	 91.20000000	 91.20000000
 40	 831	1596	2022-10-09	 23.74285714	 47.48571429	 47.48571429	45.60000000	 91.20000000	 91.20000000
 41	 497	1329	2022-10-10	 14.20000000	 28.40000000	 28.40000000	37.97142857	 75.94285714	 75.94285714
 41	 497	1329	2022-10-11	 14.20000000	 28.40000000	 28.40000000	37.97142857	 75.94285714	 75.94285714
 41	 497	1329	2022-10-12	 14.20000000	 28.40000000	 28.40000000	37.97142857	 75.94285714	 75.94285714
 41	 497	1329	2022-10-13	 14.20000000	 28.40000000	 28.40000000	37.97142857	 75.94285714	 75.94285714
 41	 497	1329	2022-10-14	 14.20000000	 28.40000000	 28.40000000	37.97142857	 75.94285714	 75.94285714
 41	 497	1329	2022-10-15	 14.20000000	 28.40000000	 28.40000000	37.97142857	 75.94285714	 75.94285714
 41	 497	1329	2022-10-16	 14.20000000	 28.40000000	 28.40000000	37.97142857	 75.94285714	 75.94285714
 42	 265	 847	2022-10-17	  7.57142857	 15.14285714	 15.14285714	24.20000000	 48.40000000	 48.40000000
 42	 265	 847	2022-10-18	  7.57142857	 15.14285714	 15.14285714	24.20000000	 48.40000000	 48.40000000
 42	 265	 847	2022-10-19	  7.57142857	 15.14285714	 15.14285714	24.20000000	 48.40000000	 48.40000000
 42	 265	 847	2022-10-20	  7.57142857	 15.14285714	 15.14285714	24.20000000	 48.40000000	 48.40000000
 42	 265	 847	2022-10-21	  7.57142857	 15.14285714	 15.14285714	24.20000000	 48.40000000	 48.40000000
 42	 265	 847	2022-10-22	  7.57142857	 15.14285714	 15.14285714	24.20000000	 48.40000000	 48.40000000
 42	 265	 847	2022-10-23	  7.57142857	 15.14285714	 15.14285714	24.20000000	 48.40000000	 48.40000000
 43	 206	 515	2022-10-24	  5.88571429	 11.77142857	 11.77142857	14.71428571	 29.42857143	 29.42857143
 43	 206	 515	2022-10-25	  5.88571429	 11.77142857	 11.77142857	14.71428571	 29.42857143	 29.42857143
 43	 206	 515	2022-10-26	  5.88571429	 11.77142857	 11.77142857	14.71428571	 29.42857143	 29.42857143
 43	 206	 515	2022-10-27	  5.88571429	 11.77142857	 11.77142857	14.71428571	 29.42857143	 29.42857143
 43	 206	 515	2022-10-28	  5.88571429	 11.77142857	 11.77142857	14.71428571	 29.42857143	 29.42857143
 43	 206	 515	2022-10-29	  5.88571429	 11.77142857	 11.77142857	14.71428571	 29.42857143	 29.42857143
 43	 206	 515	2022-10-30	  5.88571429	 11.77142857	 11.77142857	14.71428571	 29.42857143	 29.42857143
 44	 203	 510	2022-10-31	  5.80000000	 11.60000000	 11.60000000	14.57142857	 29.14285714	 29.14285714
 44	 203	 510	2022-11-01	  5.80000000	 11.60000000	 11.60000000	14.57142857	 29.14285714	 29.14285714
 44	 203	 510	2022-11-02	  5.80000000	 11.60000000	 11.60000000	14.57142857	 29.14285714	 29.14285714
 44	 203	 510	2022-11-03	  5.80000000	 11.60000000	 11.60000000	14.57142857	 29.14285714	 29.14285714
 44	 203	 510	2022-11-04	  5.80000000	 11.60000000	 11.60000000	14.57142857	 29.14285714	 29.14285714
 44	 203	 510	2022-11-05	  5.80000000	 11.60000000	 11.60000000	14.57142857	 29.14285714	 29.14285714
 44	 203	 510	2022-11-06	  5.80000000	 11.60000000	 11.60000000	14.57142857	 29.14285714	 29.14285714
 45	 143	 430	2022-11-07	  4.08571429	  8.17142857	  8.17142857	12.28571429	 24.57142857	 24.57142857
 45	 143	 430	2022-11-08	  4.08571429	  8.17142857	  8.17142857	12.28571429	 24.57142857	 24.57142857
 45	 143	 430	2022-11-09	  4.08571429	  8.17142857	  8.17142857	12.28571429	 24.57142857	 24.57142857
 45	 143	 430	2022-11-10	  4.08571429	  8.17142857	  8.17142857	12.28571429	 24.57142857	 24.57142857
 45	 143	 430	2022-11-11	  4.08571429	  8.17142857	  8.17142857	12.28571429	 24.57142857	 24.57142857
 45	 143	 430	2022-11-12	  4.08571429	  8.17142857	  8.17142857	12.28571429	 24.57142857	 24.57142857
 45	 143	 430	2022-11-13	  4.08571429	  8.17142857	  8.17142857	12.28571429	 24.57142857	 24.57142857
 46	 123	 289	2022-11-14	  3.51428571	  7.02857143	  7.02857143	 8.25714286	 16.51428571	 16.51428571
 46	 123	 289	2022-11-15	  3.51428571	  7.02857143	  7.02857143	 8.25714286	 16.51428571	 16.51428571
 46	 123	 289	2022-11-16	  3.51428571	  7.02857143	  7.02857143	 8.25714286	 16.51428571	 16.51428571
 46	 123	 289	2022-11-17	  3.51428571	  7.02857143	  7.02857143	 8.25714286	 16.51428571	 16.51428571
 46	 123	 289	2022-11-18	  3.51428571	  7.02857143	  7.02857143	 8.25714286	 16.51428571	 16.51428571
 46	 123	 289	2022-11-19	  3.51428571	  7.02857143	  7.02857143	 8.25714286	 16.51428571	 16.51428571
 46	 123	 289	2022-11-20	  3.51428571	  7.02857143	  7.02857143	 8.25714286	 16.51428571	 16.51428571
 47	 179	 324	2022-11-21	  5.11428571	 10.22857143	 10.22857143	 9.25714286	 18.51428571	 18.51428571
 47	 179	 324	2022-11-22	  5.11428571	 10.22857143	 10.22857143	 9.25714286	 18.51428571	 18.51428571
 47	 179	 324	2022-11-23	  5.11428571	 10.22857143	 10.22857143	 9.25714286	 18.51428571	 18.51428571
 47	 179	 324	2022-11-24	  5.11428571	 10.22857143	 10.22857143	 9.25714286	 18.51428571	 18.51428571
 47	 179	 324	2022-11-25	  5.11428571	 10.22857143	 10.22857143	 9.25714286	 18.51428571	 18.51428571
 47	 179	 324	2022-11-26	  5.11428571	 10.22857143	 10.22857143	 9.25714286	 18.51428571	 18.51428571
 47	 179	 324	2022-11-27	  5.11428571	 10.22857143	 10.22857143	 9.25714286	 18.51428571	 18.51428571
 48	 109	 131	2022-11-28	  3.11428571	  6.22857143	  6.22857143	 3.74285714	  7.48571429	  7.48571429
 48	 109	 131	2022-11-29	  3.11428571	  6.22857143	  6.22857143	 3.74285714	  7.48571429	  7.48571429
 48	 109	 131	2022-11-30	  3.11428571	  6.22857143	  6.22857143	 3.74285714	  7.48571429	  7.48571429
 48	 109	 131	2022-12-01	  3.11428571	  6.22857143	  6.22857143	 3.74285714	  7.48571429	  7.48571429
 48	 109	 131	2022-12-02	  3.11428571	  6.22857143	  6.22857143	 3.74285714	  7.48571429	  7.48571429
 48	 109	 131	2022-12-03	  3.11428571	  6.22857143	  6.22857143	 3.74285714	  7.48571429	  7.48571429
 48	 109	 131	2022-12-04	  3.11428571	  6.22857143	  6.22857143	 3.74285714	  7.48571429	  7.48571429
 49	  61	 235	2022-12-05	  1.74285714	  3.48571429	  3.48571429	 6.71428571	 13.42857143	 13.42857143
 49	  61	 235	2022-12-06	  1.74285714	  3.48571429	  3.48571429	 6.71428571	 13.42857143	 13.42857143
 49	  61	 235	2022-12-07	  1.74285714	  3.48571429	  3.48571429	 6.71428571	 13.42857143	 13.42857143
 49	  61	 235	2022-12-08	  1.74285714	  3.48571429	  3.48571429	 6.71428571	 13.42857143	 13.42857143
 49	  61	 235	2022-12-09	  1.74285714	  3.48571429	  3.48571429	 6.71428571	 13.42857143	 13.42857143
 49	  61	 235	2022-12-10	  1.74285714	  3.48571429	  3.48571429	 6.71428571	 13.42857143	 13.42857143
 49	  61	 235	2022-12-11	  1.74285714	  3.48571429	  3.48571429	 6.71428571	 13.42857143	 13.42857143
 50	  22	 119	2022-12-12	  0.62857143	  1.25714286	  1.25714286	 3.40000000	  6.80000000	  6.80000000
 50	  22	 119	2022-12-13	  0.62857143	  1.25714286	  1.25714286	 3.40000000	  6.80000000	  6.80000000
 50	  22	 119	2022-12-14	  0.62857143	  1.25714286	  1.25714286	 3.40000000	  6.80000000	  6.80000000
 50	  22	 119	2022-12-15	  0.62857143	  1.25714286	  1.25714286	 3.40000000	  6.80000000	  6.80000000
 50	  22	 119	2022-12-16	  0.62857143	  1.25714286	  1.25714286	 3.40000000	  6.80000000	  6.80000000
 50	  22	 119	2022-12-17	  0.62857143	  1.25714286	  1.25714286	 3.40000000	  6.80000000	  6.80000000
 50	  22	 119	2022-12-18	  0.62857143	  1.25714286	  1.25714286	 3.40000000	  6.80000000	  6.80000000
 51	  13	 157	2022-12-19	  0.37142857	  0.74285714	  0.74285714	 4.48571429	  8.97142857	  8.97142857
 51	  13	 157	2022-12-20	  0.37142857	  0.74285714	  0.74285714	 4.48571429	  8.97142857	  8.97142857
 51	  13	 157	2022-12-21	  0.37142857	  0.74285714	  0.74285714	 4.48571429	  8.97142857	  8.97142857
 51	  13	 157	2022-12-22	  0.37142857	  0.74285714	  0.74285714	 4.48571429	  8.97142857	  8.97142857
 51	  13	 157	2022-12-23	  0.37142857	  0.74285714	  0.74285714	 4.48571429	  8.97142857	  8.97142857
 51	  13	 157	2022-12-24	  0.37142857	  0.74285714	  0.74285714	 4.48571429	  8.97142857	  8.97142857
 51	  13	 157	2022-12-25	  0.37142857	  0.74285714	  0.74285714	 4.48571429	  8.97142857	  8.97142857
 52	  37	 124	2022-12-26	  1.05714286	  2.11428571	  2.11428571	 3.54285714	  7.08571429	  7.08571429
 52	  37	 124	2022-12-27	  1.05714286	  2.11428571	  2.11428571	 3.54285714	  7.08571429	  7.08571429
 52	  37	 124	2022-12-28	  1.05714286	  2.11428571	  2.11428571	 3.54285714	  7.08571429	  7.08571429
 52	  37	 124	2022-12-29	  1.05714286	  2.11428571	  2.11428571	 3.54285714	  7.08571429	  7.08571429
 52	  37	 124	2022-12-30	  1.05714286	  2.11428571	  2.11428571	 3.54285714	  7.08571429	  7.08571429
 52	  37	 124	2022-12-31	  1.05714286	  2.11428571	  2.11428571	 3.54285714	  7.08571429	  7.08571429
 52	  37	 124	2023-01-01	  1.05714286	  2.11428571	  2.11428571	 3.54285714	  7.08571429	  7.08571429
 53	   4	  48	2023-01-02	  0.11428571	  0.22857143	  0.22857143	 1.37142857	  2.74285714	  2.74285714
 53	   4	  48	2023-01-03	  0.11428571	  0.22857143	  0.22857143	 1.37142857	  2.74285714	  2.74285714
 53	   4	  48	2023-01-04	  0.11428571	  0.22857143	  0.22857143	 1.37142857	  2.74285714	  2.74285714
 53	   4	  48	2023-01-05	  0.11428571	  0.22857143	  0.22857143	 1.37142857	  2.74285714	  2.74285714
 53	   4	  48	2023-01-06	  0.11428571	  0.22857143	  0.22857143	 1.37142857	  2.74285714	  2.74285714
 53	   4	  48	2023-01-07	  0.11428571	  0.22857143	  0.22857143	 1.37142857	  2.74285714	  2.74285714
 53	   4	  48	2023-01-08	  0.11428571	  0.22857143	  0.22857143	 1.37142857	  2.74285714	  2.74285714
 54	   1	  27	2023-01-09	  0.02857143	  0.05714286	  0.05714286	 0.77142857	  1.54285714	  1.54285714
 54	   1	  27	2023-01-10	  0.02857143	  0.05714286	  0.05714286	 0.77142857	  1.54285714	  1.54285714
 54	   1	  27	2023-01-11	  0.02857143	  0.05714286	  0.05714286	 0.77142857	  1.54285714	  1.54285714
 54	   1	  27	2023-01-12	  0.02857143	  0.05714286	  0.05714286	 0.77142857	  1.54285714	  1.54285714
 54	   1	  27	2023-01-13	  0.02857143	  0.05714286	  0.05714286	 0.77142857	  1.54285714	  1.54285714
 54	   1	  27	2023-01-14	  0.02857143	  0.05714286	  0.05714286	 0.77142857	  1.54285714	  1.54285714
 54	   1	  27	2023-01-15	  0.02857143	  0.05714286	  0.05714286	 0.77142857	  1.54285714	  1.54285714
 55	   3	  12	2023-01-16	  0.08571429	  0.17142857	  0.17142857	 0.34285714	  0.68571429	  0.68571429
 55	   3	  12	2023-01-17	  0.08571429	  0.17142857	  0.17142857	 0.34285714	  0.68571429	  0.68571429
 55	   3	  12	2023-01-18	  0.08571429	  0.17142857	  0.17142857	 0.34285714	  0.68571429	  0.68571429
 55	   3	  12	2023-01-19	  0.08571429	  0.17142857	  0.17142857	 0.34285714	  0.68571429	  0.68571429
 55	   3	  12	2023-01-20	  0.08571429	  0.17142857	  0.17142857	 0.34285714	  0.68571429	  0.68571429
 55	   3	  12	2023-01-21	  0.08571429	  0.17142857	  0.17142857	 0.34285714	  0.68571429	  0.68571429
 55	   3	  12	2023-01-22	  0.08571429	  0.17142857	  0.17142857	 0.34285714	  0.68571429	  0.68571429
 56	   6	  18	2023-01-23	  0.17142857	  0.34285714	  0.34285714	 0.51428571	  1.02857143	  1.02857143
 56	   6	  18	2023-01-24	  0.17142857	  0.34285714	  0.34285714	 0.51428571	  1.02857143	  1.02857143
 56	   6	  18	2023-01-25	  0.17142857	  0.34285714	  0.34285714	 0.51428571	  1.02857143	  1.02857143
 56	   6	  18	2023-01-26	  0.17142857	  0.34285714	  0.34285714	 0.51428571	  1.02857143	  1.02857143
 56	   6	  18	2023-01-27	  0.17142857	  0.34285714	  0.34285714	 0.51428571	  1.02857143	  1.02857143
 56	   6	  18	2023-01-28	  0.17142857	  0.34285714	  0.34285714	 0.51428571	  1.02857143	  1.02857143
 56	   6	  18	2023-01-29	  0.17142857	  0.34285714	  0.34285714	 0.51428571	  1.02857143	  1.02857143
 57	   2	   5	2023-01-30	  0.05714286	  0.11428571	  0.11428571	 0.14285714	  0.28571429	  0.28571429
 57	   2	   5	2023-01-31	  0.05714286	  0.11428571	  0.11428571	 0.14285714	  0.28571429	  0.28571429
 57	   2	   5	2023-02-01	  0.05714286	  0.11428571	  0.11428571	 0.14285714	  0.28571429	  0.28571429
 57	   2	   5	2023-02-02	  0.05714286	  0.11428571	  0.11428571	 0.14285714	  0.28571429	  0.28571429
 57	   2	   5	2023-02-03	  0.05714286	  0.11428571	  0.11428571	 0.14285714	  0.28571429	  0.28571429
 57	   2	   5	2023-02-04	  0.05714286	  0.11428571	  0.11428571	 0.14285714	  0.28571429	  0.28571429
 57	   2	   5	2023-02-05	  0.05714286	  0.11428571	  0.11428571	 0.14285714	  0.28571429	  0.28571429
 58	   0	   0	2023-02-06	  0.00000000	  0.00000000	  0.00000000	 0.00000000	  0.00000000	  0.00000000
 58	   0	   0	2023-02-07	  0.00000000	  0.00000000	  0.00000000	 0.00000000	  0.00000000	  0.00000000
 58	   0	   0	2023-02-08	  0.00000000	  0.00000000	  0.00000000	 0.00000000	  0.00000000	  0.00000000
 58	   0	   0	2023-02-09	  0.00000000	  0.00000000	  0.00000000	 0.00000000	  0.00000000	  0.00000000
 58	   0	   0	2023-02-10	  0.00000000	  0.00000000	  0.00000000	 0.00000000	  0.00000000	  0.00000000
 58	   0	   0	2023-02-11	  0.00000000	  0.00000000	  0.00000000	 0.00000000	  0.00000000	  0.00000000
 58	   0	   0	2023-02-12	  0.00000000	  0.00000000	  0.00000000	 0.00000000	  0.00000000	  0.00000000
 59	   0	   0	2023-02-13	  0.00000000	  0.00000000	  0.00000000	 0.00000000	  0.00000000	  0.00000000
 59	   0	   0	2023-02-14	  0.00000000	  0.00000000	  0.00000000	 0.00000000	  0.00000000	  0.00000000
 59	   0	   0	2023-02-15	  0.00000000	  0.00000000	  0.00000000	 0.00000000	  0.00000000	  0.00000000
 59	   0	   0	2023-02-16	  0.00000000	  0.00000000	  0.00000000	 0.00000000	  0.00000000	  0.00000000
 59	   0	   0	2023-02-17	  0.00000000	  0.00000000	  0.00000000	 0.00000000	  0.00000000	  0.00000000
 59	   0	   0	2023-02-18	  0.00000000	  0.00000000	  0.00000000	 0.00000000	  0.00000000	  0.00000000
 59	   0	   0	2023-02-19	  0.00000000	  0.00000000	  0.00000000	 0.00000000	  0.00000000	  0.00000000
 60	   0	   3	2023-02-20	  0.00000000	  0.00000000	  0.00000000	 0.08571429	  0.17142857	  0.17142857
 60	   0	   3	2023-02-21	  0.00000000	  0.00000000	  0.00000000	 0.08571429	  0.17142857	  0.17142857
 60	   0	   3	2023-02-22	  0.00000000	  0.00000000	  0.00000000	 0.08571429	  0.17142857	  0.17142857
 60	   0	   3	2023-02-23	  0.00000000	  0.00000000	  0.00000000	 0.08571429	  0.17142857	  0.17142857
 60	   0	   3	2023-02-24	  0.00000000	  0.00000000	  0.00000000	 0.08571429	  0.17142857	  0.17142857
 60	   0	   3	2023-02-25	  0.00000000	  0.00000000	  0.00000000	 0.08571429	  0.17142857	  0.17142857
 60	   0	   3	2023-02-26	  0.00000000	  0.00000000	  0.00000000	 0.08571429	  0.17142857	  0.17142857
 61	   1	   2	2023-02-27	  0.02857143	  0.05714286	  0.05714286	 0.05714286	  0.11428571	  0.11428571
 61	   1	   2	2023-02-28	  0.02857143	  0.05714286	  0.05714286	 0.05714286	  0.11428571	  0.11428571
 61	   1	   2	2023-03-01	  0.02857143	  0.05714286	  0.05714286	 0.05714286	  0.11428571	  0.11428571
 61	   1	   2	2023-03-02	  0.02857143	  0.05714286	  0.05714286	 0.05714286	  0.11428571	  0.11428571
 61	   1	   2	2023-03-03	  0.02857143	  0.05714286	  0.05714286	 0.05714286	  0.11428571	  0.11428571
 61	   1	   2	2023-03-04	  0.02857143	  0.05714286	  0.05714286	 0.05714286	  0.11428571	  0.11428571
 61	   1	   2	2023-03-05	  0.02857143	  0.05714286	  0.05714286	 0.05714286	  0.11428571	  0.11428571
 62	   0	   2	2023-03-06	  0.00000000	  0.00000000	  0.00000000	 0.05714286	  0.11428571	  0.11428571
 62	   0	   2	2023-03-07	  0.00000000	  0.00000000	  0.00000000	 0.05714286	  0.11428571	  0.11428571
 62	   0	   2	2023-03-08	  0.00000000	  0.00000000	  0.00000000	 0.05714286	  0.11428571	  0.11428571
 62	   0	   2	2023-03-09	  0.00000000	  0.00000000	  0.00000000	 0.05714286	  0.11428571	  0.11428571
 62	   0	   2	2023-03-10	  0.00000000	  0.00000000	  0.00000000	 0.05714286	  0.11428571	  0.11428571
 62	   0	   2	2023-03-11	  0.00000000	  0.00000000	  0.00000000	 0.05714286	  0.11428571	  0.11428571
 62	   0	   2	2023-03-12	  0.00000000	  0.00000000	  0.00000000	 0.05714286	  0.11428571	  0.11428571
 63	   0	   1	2023-03-13	  0.00000000	  0.00000000	  0.00000000	 0.02857143	  0.05714286	  0.05714286
 63	   0	   1	2023-03-14	  0.00000000	  0.00000000	  0.00000000	 0.02857143	  0.05714286	  0.05714286
 63	   0	   1	2023-03-15	  0.00000000	  0.00000000	  0.00000000	 0.02857143	  0.05714286	  0.05714286
 63	   0	   1	2023-03-16	  0.00000000	  0.00000000	  0.00000000	 0.02857143	  0.05714286	  0.05714286
 63	   0	   1	2023-03-17	  0.00000000	  0.00000000	  0.00000000	 0.02857143	  0.05714286	  0.05714286
 63	   0	   1	2023-03-18	  0.00000000	  0.00000000	  0.00000000	 0.02857143	  0.05714286	  0.05714286
 63	   0	   1	2023-03-19	  0.00000000	  0.00000000	  0.00000000	 0.02857143	  0.05714286	  0.05714286
 64	   0	   1	2023-03-20	  0.00000000	  0.00000000	  0.00000000	 0.02857143	  0.05714286	  0.05714286
 64	   0	   1	2023-03-21	  0.00000000	  0.00000000	  0.00000000	 0.02857143	  0.05714286	  0.05714286
 64	   0	   1	2023-03-22	  0.00000000	  0.00000000	  0.00000000	 0.02857143	  0.05714286	  0.05714286
 64	   0	   1	2023-03-23	  0.00000000	  0.00000000	  0.00000000	 0.02857143	  0.05714286	  0.05714286
 64	   0	   1	2023-03-24	  0.00000000	  0.00000000	  0.00000000	 0.02857143	  0.05714286	  0.05714286
 64	   0	   1	2023-03-25	  0.00000000	  0.00000000	  0.00000000	 0.02857143	  0.05714286	  0.05714286
 64	   0	   1	2023-03-26	  0.00000000	  0.00000000	  0.00000000	 0.02857143	  0.05714286	  0.05714286
 65	   0	   2	2023-03-27	  0.00000000	  0.00000000	  0.00000000	 0.05714286	  0.11428571	  0.11428571
 65	   0	   2	2023-03-28	  0.00000000	  0.00000000	  0.00000000	 0.05714286	  0.11428571	  0.11428571
 65	   0	   2	2023-03-29	  0.00000000	  0.00000000	  0.00000000	 0.05714286	  0.11428571	  0.11428571
 65	   0	   2	2023-03-30	  0.00000000	  0.00000000	  0.00000000	 0.05714286	  0.11428571	  0.11428571
 65	   0	   2	2023-03-31	  0.00000000	  0.00000000	  0.00000000	 0.05714286	  0.11428571	  0.11428571
 65	   0	   2	2023-04-01	  0.00000000	  0.00000000	  0.00000000	 0.05714286	  0.11428571	  0.11428571
 65	   0	   2	2023-04-02	  0.00000000	  0.00000000	  0.00000000	 0.05714286	  0.11428571	  0.11428571
 66	   0	   1	2023-04-03	  0.00000000	  0.00000000	  0.00000000	 0.02857143	  0.05714286	  0.05714286
 66	   0	   1	2023-04-04	  0.00000000	  0.00000000	  0.00000000	 0.02857143	  0.05714286	  0.05714286
 66	   0	   1	2023-04-05	  0.00000000	  0.00000000	  0.00000000	 0.02857143	  0.05714286	  0.05714286
 66	   0	   1	2023-04-06	  0.00000000	  0.00000000	  0.00000000	 0.02857143	  0.05714286	  0.05714286
 66	   0	   1	2023-04-07	  0.00000000	  0.00000000	  0.00000000	 0.02857143	  0.05714286	  0.05714286
 66	   0	   1	2023-04-08	  0.00000000	  0.00000000	  0.00000000	 0.02857143	  0.05714286	  0.05714286
 66	   0	   1	2023-04-09	  0.00000000	  0.00000000	  0.00000000	 0.02857143	  0.05714286	  0.05714286
 67	   0	   0	2023-04-10	  0.00000000	  0.00000000	  0.00000000	 0.00000000	  0.00000000	  0.00000000
 67	   0	   0	2023-04-11	  0.00000000	  0.00000000	  0.00000000	 0.00000000	  0.00000000	  0.00000000
 67	   0	   0	2023-04-12	  0.00000000	  0.00000000	  0.00000000	 0.00000000	  0.00000000	  0.00000000
 67	   0	   0	2023-04-13	  0.00000000	  0.00000000	  0.00000000	 0.00000000	  0.00000000	  0.00000000
 67	   0	   0	2023-04-14	  0.00000000	  0.00000000	  0.00000000	 0.00000000	  0.00000000	  0.00000000
 67	   0	   0	2023-04-15	  0.00000000	  0.00000000	  0.00000000	 0.00000000	  0.00000000	  0.00000000
 67	   0	   0	2023-04-16	  0.00000000	  0.00000000	  0.00000000	 0.00000000	  0.00000000	  0.00000000
 68	   0	   1	2023-04-17	  0.00000000	  0.00000000	  0.00000000	 0.02857143	  0.05714286	  0.05714286
 68	   0	   1	2023-04-18	  0.00000000	  0.00000000	  0.00000000	 0.02857143	  0.05714286	  0.05714286
 68	   0	   1	2023-04-19	  0.00000000	  0.00000000	  0.00000000	 0.02857143	  0.05714286	  0.05714286
 68	   0	   1	2023-04-20	  0.00000000	  0.00000000	  0.00000000	 0.02857143	  0.05714286	  0.05714286
 68	   0	   1	2023-04-21	  0.00000000	  0.00000000	  0.00000000	 0.02857143	  0.05714286	  0.05714286
 68	   0	   1	2023-04-22	  0.00000000	  0.00000000	  0.00000000	 0.02857143	  0.05714286	  0.05714286
 68	   0	   1	2023-04-23	  0.00000000	  0.00000000	  0.00000000	 0.02857143	  0.05714286	  0.05714286
 69	   0	   0	2023-04-24	  0.00000000	  0.00000000	  0.00000000	 0.00000000	  0.00000000	  0.00000000
 69	   0	   0	2023-04-25	  0.00000000	  0.00000000	  0.00000000	 0.00000000	  0.00000000	  0.00000000
 69	   0	   0	2023-04-26	  0.00000000	  0.00000000	  0.00000000	 0.00000000	  0.00000000	  0.00000000
 69	   0	   0	2023-04-27	  0.00000000	  0.00000000	  0.00000000	 0.00000000	  0.00000000	  0.00000000
 69	   0	   0	2023-04-28	  0.00000000	  0.00000000	  0.00000000	 0.00000000	  0.00000000	  0.00000000
 69	   0	   0	2023-04-29	  0.00000000	  0.00000000	  0.00000000	 0.00000000	  0.00000000	  0.00000000
 69	   0	   0	2023-04-30	  0.00000000	  0.00000000	  0.00000000	 0.00000000	  0.00000000	  0.00000000
 70	   0	   0	2023-05-01	  0.00000000	  0.00000000	  0.00000000	 0.00000000	  0.00000000	  0.00000000
 70	   0	   0	2023-05-02	  0.00000000	  0.00000000	  0.00000000	 0.00000000	  0.00000000	  0.00000000
 70	   0	   0	2023-05-03	  0.00000000	  0.00000000	  0.00000000	 0.00000000	  0.00000000	  0.00000000
 70	   0	   0	2023-05-04	  0.00000000	  0.00000000	  0.00000000	 0.00000000	  0.00000000	  0.00000000
 70	   0	   0	2023-05-05	  0.00000000	  0.00000000	  0.00000000	 0.00000000	  0.00000000	  0.00000000
 70	   0	   0	2023-05-06	  0.00000000	  0.00000000	  0.00000000	 0.00000000	  0.00000000	  0.00000000
 70	   0	   0	2023-05-07	  0.00000000	  0.00000000	  0.00000000	 0.00000000	  0.00000000	  0.00000000
 71	   0	   0	2023-05-08	  0.00000000	  0.00000000	  0.00000000	 0.00000000	  0.00000000	  0.00000000
 71	   0	   0	2023-05-09	  0.00000000	  0.00000000	  0.00000000	 0.00000000	  0.00000000	  0.00000000
 71	   0	   0	2023-05-10	  0.00000000	  0.00000000	  0.00000000	 0.00000000	  0.00000000	  0.00000000
 71	   0	   0	2023-05-11	  0.00000000	  0.00000000	  0.00000000	 0.00000000	  0.00000000	  0.00000000
 71	   0	   0	2023-05-12	  0.00000000	  0.00000000	  0.00000000	 0.00000000	  0.00000000	  0.00000000
 71	   0	   0	2023-05-13	  0.00000000	  0.00000000	  0.00000000	 0.00000000	  0.00000000	  0.00000000
 71	   0	   0	2023-05-14	  0.00000000	  0.00000000	  0.00000000	 0.00000000	  0.00000000	  0.00000000
 72	   0	   0	2023-05-15	  0.00000000	  0.00000000	  0.00000000	 0.00000000	  0.00000000	  0.00000000
 72	   0	   0	2023-05-16	  0.00000000	  0.00000000	  0.00000000	 0.00000000	  0.00000000	  0.00000000
 72	   0	   0	2023-05-17	  0.00000000	  0.00000000	  0.00000000	 0.00000000	  0.00000000	  0.00000000
 72	   0	   0	2023-05-18	  0.00000000	  0.00000000	  0.00000000	 0.00000000	  0.00000000	  0.00000000
 72	   0	   0	2023-05-19	  0.00000000	  0.00000000	  0.00000000	 0.00000000	  0.00000000	  0.00000000
 72	   0	   0	2023-05-20	  0.00000000	  0.00000000	  0.00000000	 0.00000000	  0.00000000	  0.00000000
 72	   0	   0	2023-05-21	  0.00000000	  0.00000000	  0.00000000	 0.00000000	  0.00000000	  0.00000000
 73	  53	   8	2023-05-22	  1.51428571	  3.02857143	  3.02857143	 0.22857143	  0.45714286	  0.45714286
 73	  53	   8	2023-05-23	  1.51428571	  3.02857143	  3.02857143	 0.22857143	  0.45714286	  0.45714286
 73	  53	   8	2023-05-24	  1.51428571	  3.02857143	  3.02857143	 0.22857143	  0.45714286	  0.45714286
 73	  53	   8	2023-05-25	  1.51428571	  3.02857143	  3.02857143	 0.22857143	  0.45714286	  0.45714286
 73	  53	   8	2023-05-26	  1.51428571	  3.02857143	  3.02857143	 0.22857143	  0.45714286	  0.45714286
 73	  53	   8	2023-05-27	  1.51428571	  3.02857143	  3.02857143	 0.22857143	  0.45714286	  0.45714286
 73	  53	   8	2023-05-28	  1.51428571	  3.02857143	  3.02857143	 0.22857143	  0.45714286	  0.45714286
 74	  87	  10	2023-05-29	  2.48571429	  4.97142857	  4.97142857	 0.28571429	  0.57142857	  0.57142857
 74	  87	  10	2023-05-30	  2.48571429	  4.97142857	  4.97142857	 0.28571429	  0.57142857	  0.57142857
 74	  87	  10	2023-05-31	  2.48571429	  4.97142857	  4.97142857	 0.28571429	  0.57142857	  0.57142857
 74	  87	  10	2023-06-01	  2.48571429	  4.97142857	  4.97142857	 0.28571429	  0.57142857	  0.57142857
 74	  87	  10	2023-06-02	  2.48571429	  4.97142857	  4.97142857	 0.28571429	  0.57142857	  0.57142857
 74	  87	  10	2023-06-03	  2.48571429	  4.97142857	  4.97142857	 0.28571429	  0.57142857	  0.57142857
 74	  87	  10	2023-06-04	  2.48571429	  4.97142857	  4.97142857	 0.28571429	  0.57142857	  0.57142857
 75	 158	  12	2023-06-05	  4.51428571	  9.02857143	  9.02857143	 0.34285714	  0.68571429	  0.68571429
 75	 158	  12	2023-06-06	  4.51428571	  9.02857143	  9.02857143	 0.34285714	  0.68571429	  0.68571429
 75	 158	  12	2023-06-07	  4.51428571	  9.02857143	  9.02857143	 0.34285714	  0.68571429	  0.68571429
 75	 158	  12	2023-06-08	  4.51428571	  9.02857143	  9.02857143	 0.34285714	  0.68571429	  0.68571429
 75	 158	  12	2023-06-09	  4.51428571	  9.02857143	  9.02857143	 0.34285714	  0.68571429	  0.68571429
 75	 158	  12	2023-06-10	  4.51428571	  9.02857143	  9.02857143	 0.34285714	  0.68571429	  0.68571429
 75	 158	  12	2023-06-11	  4.51428571	  9.02857143	  9.02857143	 0.34285714	  0.68571429	  0.68571429
 76	 101	  12	2023-06-12	  2.88571429	  5.77142857	  5.77142857	 0.34285714	  0.68571429	  0.68571429
 76	 101	  12	2023-06-13	  2.88571429	  5.77142857	  5.77142857	 0.34285714	  0.68571429	  0.68571429
 76	 101	  12	2023-06-14	  2.88571429	  5.77142857	  5.77142857	 0.34285714	  0.68571429	  0.68571429
 76	 101	  12	2023-06-15	  2.88571429	  5.77142857	  5.77142857	 0.34285714	  0.68571429	  0.68571429
 76	 101	  12	2023-06-16	  2.88571429	  5.77142857	  5.77142857	 0.34285714	  0.68571429	  0.68571429
 76	 101	  12	2023-06-17	  2.88571429	  5.77142857	  5.77142857	 0.34285714	  0.68571429	  0.68571429
 76	 101	  12	2023-06-18	  2.88571429	  5.77142857	  5.77142857	 0.34285714	  0.68571429	  0.68571429
 77	  79	  21	2023-06-19	  2.25714286	  4.51428571	  4.51428571	 0.60000000	  1.20000000	  1.20000000
 77	  79	  21	2023-06-20	  2.25714286	  4.51428571	  4.51428571	 0.60000000	  1.20000000	  1.20000000
 77	  79	  21	2023-06-21	  2.25714286	  4.51428571	  4.51428571	 0.60000000	  1.20000000	  1.20000000
 77	  79	  21	2023-06-22	  2.25714286	  4.51428571	  4.51428571	 0.60000000	  1.20000000	  1.20000000
 77	  79	  21	2023-06-23	  2.25714286	  4.51428571	  4.51428571	 0.60000000	  1.20000000	  1.20000000
 77	  79	  21	2023-06-24	  2.25714286	  4.51428571	  4.51428571	 0.60000000	  1.20000000	  1.20000000
 77	  79	  21	2023-06-25	  2.25714286	  4.51428571	  4.51428571	 0.60000000	  1.20000000	  1.20000000
 78	  84	  44	2023-06-26	  2.40000000	  4.80000000	  4.80000000	 1.25714286	  2.51428571	  2.51428571
 78	  84	  44	2023-06-27	  2.40000000	  4.80000000	  4.80000000	 1.25714286	  2.51428571	  2.51428571
 78	  84	  44	2023-06-28	  2.40000000	  4.80000000	  4.80000000	 1.25714286	  2.51428571	  2.51428571
 78	  84	  44	2023-06-29	  2.40000000	  4.80000000	  4.80000000	 1.25714286	  2.51428571	  2.51428571
 78	  84	  44	2023-06-30	  2.40000000	  4.80000000	  4.80000000	 1.25714286	  2.51428571	  2.51428571
 78	  84	  44	2023-07-01	  2.40000000	  4.80000000	  4.80000000	 1.25714286	  2.51428571	  2.51428571
 78	  84	  44	2023-07-02	  2.40000000	  4.80000000	  4.80000000	 1.25714286	  2.51428571	  2.51428571
 79	  75	  99	2023-07-03	  2.14285714	  4.28571429	  4.28571429	 2.82857143	  5.65714286	  5.65714286
 79	  75	  99	2023-07-04	  2.14285714	  4.28571429	  4.28571429	 2.82857143	  5.65714286	  5.65714286
 79	  75	  99	2023-07-05	  2.14285714	  4.28571429	  4.28571429	 2.82857143	  5.65714286	  5.65714286
 79	  75	  99	2023-07-06	  2.14285714	  4.28571429	  4.28571429	 2.82857143	  5.65714286	  5.65714286
 79	  75	  99	2023-07-07	  2.14285714	  4.28571429	  4.28571429	 2.82857143	  5.65714286	  5.65714286
 79	  75	  99	2023-07-08	  2.14285714	  4.28571429	  4.28571429	 2.82857143	  5.65714286	  5.65714286
 79	  75	  99	2023-07-09	  2.14285714	  4.28571429	  4.28571429	 2.82857143	  5.65714286	  5.65714286
 80	  69	  87	2023-07-10	  1.97142857	  3.94285714	  3.94285714	 2.48571429	  4.97142857	  4.97142857
 80	  69	  87	2023-07-11	  1.97142857	  3.94285714	  3.94285714	 2.48571429	  4.97142857	  4.97142857
 80	  69	  87	2023-07-12	  1.97142857	  3.94285714	  3.94285714	 2.48571429	  4.97142857	  4.97142857
 80	  69	  87	2023-07-13	  1.97142857	  3.94285714	  3.94285714	 2.48571429	  4.97142857	  4.97142857
 80	  69	  87	2023-07-14	  1.97142857	  3.94285714	  3.94285714	 2.48571429	  4.97142857	  4.97142857
 80	  69	  87	2023-07-15	  1.97142857	  3.94285714	  3.94285714	 2.48571429	  4.97142857	  4.97142857
 80	  69	  87	2023-07-16	  1.97142857	  3.94285714	  3.94285714	 2.48571429	  4.97142857	  4.97142857
 81	  49	  80	2023-07-17	  1.40000000	  2.80000000	  2.80000000	 2.28571429	  4.57142857	  4.57142857
 81	  49	  80	2023-07-18	  1.40000000	  2.80000000	  2.80000000	 2.28571429	  4.57142857	  4.57142857
 81	  49	  80	2023-07-19	  1.40000000	  2.80000000	  2.80000000	 2.28571429	  4.57142857	  4.57142857
 81	  49	  80	2023-07-20	  1.40000000	  2.80000000	  2.80000000	 2.28571429	  4.57142857	  4.57142857
 81	  49	  80	2023-07-21	  1.40000000	  2.80000000	  2.80000000	 2.28571429	  4.57142857	  4.57142857
 81	  49	  80	2023-07-22	  1.40000000	  2.80000000	  2.80000000	 2.28571429	  4.57142857	  4.57142857
 81	  49	  80	2023-07-23	  1.40000000	  2.80000000	  2.80000000	 2.28571429	  4.57142857	  4.57142857
 82	  56	  62	2023-07-24	  1.60000000	  3.20000000	  3.20000000	 1.77142857	  3.54285714	  3.54285714
 82	  56	  62	2023-07-25	  1.60000000	  3.20000000	  3.20000000	 1.77142857	  3.54285714	  3.54285714
 82	  56	  62	2023-07-26	  1.60000000	  3.20000000	  3.20000000	 1.77142857	  3.54285714	  3.54285714
 82	  56	  62	2023-07-27	  1.60000000	  3.20000000	  3.20000000	 1.77142857	  3.54285714	  3.54285714
 82	  56	  62	2023-07-28	  1.60000000	  3.20000000	  3.20000000	 1.77142857	  3.54285714	  3.54285714
 82	  56	  62	2023-07-29	  1.60000000	  3.20000000	  3.20000000	 1.77142857	  3.54285714	  3.54285714
 82	  56	  62	2023-07-30	  1.60000000	  3.20000000	  3.20000000	 1.77142857	  3.54285714	  3.54285714
 83	  39	  52	2023-07-31	  1.11428571	  2.22857143	  2.22857143	 1.48571429	  2.97142857	  2.97142857
 83	  39	  52	2023-08-01	  1.11428571	  2.22857143	  2.22857143	 1.48571429	  2.97142857	  2.97142857
 83	  39	  52	2023-08-02	  1.11428571	  2.22857143	  2.22857143	 1.48571429	  2.97142857	  2.97142857
 83	  39	  52	2023-08-03	  1.11428571	  2.22857143	  2.22857143	 1.48571429	  2.97142857	  2.97142857
 83	  39	  52	2023-08-04	  1.11428571	  2.22857143	  2.22857143	 1.48571429	  2.97142857	  2.97142857
 83	  39	  52	2023-08-05	  1.11428571	  2.22857143	  2.22857143	 1.48571429	  2.97142857	  2.97142857
 83	  39	  52	2023-08-06	  1.11428571	  2.22857143	  2.22857143	 1.48571429	  2.97142857	  2.97142857
 84	  61	  41	2023-08-07	  1.74285714	  3.48571429	  3.48571429	 1.17142857	  2.34285714	  2.34285714
 84	  61	  41	2023-08-08	  1.74285714	  3.48571429	  3.48571429	 1.17142857	  2.34285714	  2.34285714
 84	  61	  41	2023-08-09	  1.74285714	  3.48571429	  3.48571429	 1.17142857	  2.34285714	  2.34285714
 84	  61	  41	2023-08-10	  1.74285714	  3.48571429	  3.48571429	 1.17142857	  2.34285714	  2.34285714
 84	  61	  41	2023-08-11	  1.74285714	  3.48571429	  3.48571429	 1.17142857	  2.34285714	  2.34285714
 84	  61	  41	2023-08-12	  1.74285714	  3.48571429	  3.48571429	 1.17142857	  2.34285714	  2.34285714
 84	  61	  41	2023-08-13	  1.74285714	  3.48571429	  3.48571429	 1.17142857	  2.34285714	  2.34285714
 85	  39	  28	2023-08-14	  1.11428571	  2.22857143	  2.22857143	 0.80000000	  1.60000000	  1.60000000
 85	  39	  28	2023-08-15	  1.11428571	  2.22857143	  2.22857143	 0.80000000	  1.60000000	  1.60000000
 85	  39	  28	2023-08-16	  1.11428571	  2.22857143	  2.22857143	 0.80000000	  1.60000000	  1.60000000
 85	  39	  28	2023-08-17	  1.11428571	  2.22857143	  2.22857143	 0.80000000	  1.60000000	  1.60000000
 85	  39	  28	2023-08-18	  1.11428571	  2.22857143	  2.22857143	 0.80000000	  1.60000000	  1.60000000
 85	  39	  28	2023-08-19	  1.11428571	  2.22857143	  2.22857143	 0.80000000	  1.60000000	  1.60000000
 85	  39	  28	2023-08-20	  1.11428571	  2.22857143	  2.22857143	 0.80000000	  1.60000000	  1.60000000
 86	  45	  48	2023-08-21	  1.28571429	  2.57142857	  2.57142857	 1.37142857	  2.74285714	  2.74285714
 86	  45	  48	2023-08-22	  1.28571429	  2.57142857	  2.57142857	 1.37142857	  2.74285714	  2.74285714
 86	  45	  48	2023-08-23	  1.28571429	  2.57142857	  2.57142857	 1.37142857	  2.74285714	  2.74285714
 86	  45	  48	2023-08-24	  1.28571429	  2.57142857	  2.57142857	 1.37142857	  2.74285714	  2.74285714
 86	  45	  48	2023-08-25	  1.28571429	  2.57142857	  2.57142857	 1.37142857	  2.74285714	  2.74285714
 86	  45	  48	2023-08-26	  1.28571429	  2.57142857	  2.57142857	 1.37142857	  2.74285714	  2.74285714
 86	  45	  48	2023-08-27	  1.28571429	  2.57142857	  2.57142857	 1.37142857	  2.74285714	  2.74285714
 87	  50	  45	2023-08-28	  1.42857143	  2.85714286	  2.85714286	 1.28571429	  2.57142857	  2.57142857
 87	  50	  45	2023-08-29	  1.42857143	  2.85714286	  2.85714286	 1.28571429	  2.57142857	  2.57142857
 87	  50	  45	2023-08-30	  1.42857143	  2.85714286	  2.85714286	 1.28571429	  2.57142857	  2.57142857
 87	  50	  45	2023-08-31	  1.42857143	  2.85714286	  2.85714286	 1.28571429	  2.57142857	  2.57142857
 87	  50	  45	2023-09-01	  1.42857143	  2.85714286	  2.85714286	 1.28571429	  2.57142857	  2.57142857
 87	  50	  45	2023-09-02	  1.42857143	  2.85714286	  2.85714286	 1.28571429	  2.57142857	  2.57142857
 87	  50	  45	2023-09-03	  1.42857143	  2.85714286	  2.85714286	 1.28571429	  2.57142857	  2.57142857
 88	  99	  46	2023-09-04	  2.82857143	  5.65714286	  5.65714286	 1.31428571	  2.62857143	  2.62857143
 88	  99	  46	2023-09-05	  2.82857143	  5.65714286	  5.65714286	 1.31428571	  2.62857143	  2.62857143
 88	  99	  46	2023-09-06	  2.82857143	  5.65714286	  5.65714286	 1.31428571	  2.62857143	  2.62857143
 88	  99	  46	2023-09-07	  2.82857143	  5.65714286	  5.65714286	 1.31428571	  2.62857143	  2.62857143
 88	  99	  46	2023-09-08	  2.82857143	  5.65714286	  5.65714286	 1.31428571	  2.62857143	  2.62857143
 88	  99	  46	2023-09-09	  2.82857143	  5.65714286	  5.65714286	 1.31428571	  2.62857143	  2.62857143
 88	  99	  46	2023-09-10	  2.82857143	  5.65714286	  5.65714286	 1.31428571	  2.62857143	  2.62857143
 89	  81	  53	2023-09-11	  2.31428571	  4.62857143	  4.62857143	 1.51428571	  3.02857143	  3.02857143
 89	  81	  53	2023-09-12	  2.31428571	  4.62857143	  4.62857143	 1.51428571	  3.02857143	  3.02857143
 89	  81	  53	2023-09-13	  2.31428571	  4.62857143	  4.62857143	 1.51428571	  3.02857143	  3.02857143
 89	  81	  53	2023-09-14	  2.31428571	  4.62857143	  4.62857143	 1.51428571	  3.02857143	  3.02857143
 89	  81	  53	2023-09-15	  2.31428571	  4.62857143	  4.62857143	 1.51428571	  3.02857143	  3.02857143
 89	  81	  53	2023-09-16	  2.31428571	  4.62857143	  4.62857143	 1.51428571	  3.02857143	  3.02857143
 89	  81	  53	2023-09-17	  2.31428571	  4.62857143	  4.62857143	 1.51428571	  3.02857143	  3.02857143
 90	  60	  34	2023-09-18	  1.71428571	  3.42857143	  3.42857143	 0.97142857	  1.94285714	  1.94285714
 90	  60	  34	2023-09-19	  1.71428571	  3.42857143	  3.42857143	 0.97142857	  1.94285714	  1.94285714
 90	  60	  34	2023-09-20	  1.71428571	  3.42857143	  3.42857143	 0.97142857	  1.94285714	  1.94285714
 90	  60	  34	2023-09-21	  1.71428571	  3.42857143	  3.42857143	 0.97142857	  1.94285714	  1.94285714
 90	  60	  34	2023-09-22	  1.71428571	  3.42857143	  3.42857143	 0.97142857	  1.94285714	  1.94285714
 90	  60	  34	2023-09-23	  1.71428571	  3.42857143	  3.42857143	 0.97142857	  1.94285714	  1.94285714
 90	  60	  34	2023-09-24	  1.71428571	  3.42857143	  3.42857143	 0.97142857	  1.94285714	  1.94285714
 91	  52	  54	2023-09-25	  1.48571429	  2.97142857	  2.97142857	 1.54285714	  3.08571429	  3.08571429
 91	  52	  54	2023-09-26	  1.48571429	  2.97142857	  2.97142857	 1.54285714	  3.08571429	  3.08571429
 91	  52	  54	2023-09-27	  1.48571429	  2.97142857	  2.97142857	 1.54285714	  3.08571429	  3.08571429
 91	  52	  54	2023-09-28	  1.48571429	  2.97142857	  2.97142857	 1.54285714	  3.08571429	  3.08571429
 91	  52	  54	2023-09-29	  1.48571429	  2.97142857	  2.97142857	 1.54285714	  3.08571429	  3.08571429
 91	  52	  54	2023-09-30	  1.48571429	  2.97142857	  2.97142857	 1.54285714	  3.08571429	  3.08571429
 91	  52	  54	2023-10-01	  1.48571429	  2.97142857	  2.97142857	 1.54285714	  3.08571429	  3.08571429
 92	  61	  47	2023-10-02	  1.74285714	  3.48571429	  3.48571429	 1.34285714	  2.68571429	  2.68571429
 92	  61	  47	2023-10-03	  1.74285714	  3.48571429	  3.48571429	 1.34285714	  2.68571429	  2.68571429
 92	  61	  47	2023-10-04	  1.74285714	  3.48571429	  3.48571429	 1.34285714	  2.68571429	  2.68571429
 92	  61	  47	2023-10-05	  1.74285714	  3.48571429	  3.48571429	 1.34285714	  2.68571429	  2.68571429
 92	  61	  47	2023-10-06	  1.74285714	  3.48571429	  3.48571429	 1.34285714	  2.68571429	  2.68571429
 92	  61	  47	2023-10-07	  1.74285714	  3.48571429	  3.48571429	 1.34285714	  2.68571429	  2.68571429
 92	  61	  47	2023-10-08	  1.74285714	  3.48571429	  3.48571429	 1.34285714	  2.68571429	  2.68571429
 93	  55	  60	2023-10-09	  1.57142857	  3.14285714	  3.14285714	 1.71428571	  3.42857143	  3.42857143
 93	  55	  60	2023-10-10	  1.57142857	  3.14285714	  3.14285714	 1.71428571	  3.42857143	  3.42857143
 93	  55	  60	2023-10-11	  1.57142857	  3.14285714	  3.14285714	 1.71428571	  3.42857143	  3.42857143
 93	  55	  60	2023-10-12	  1.57142857	  3.14285714	  3.14285714	 1.71428571	  3.42857143	  3.42857143
 93	  55	  60	2023-10-13	  1.57142857	  3.14285714	  3.14285714	 1.71428571	  3.42857143	  3.42857143
 93	  55	  60	2023-10-14	  1.57142857	  3.14285714	  3.14285714	 1.71428571	  3.42857143	  3.42857143
 93	  55	  60	2023-10-15	  1.57142857	  3.14285714	  3.14285714	 1.71428571	  3.42857143	  3.42857143
 94	  27	  59	2023-10-16	  0.77142857	  1.54285714	  1.54285714	 1.68571429	  3.37142857	  3.37142857
 94	  27	  59	2023-10-17	  0.77142857	  1.54285714	  1.54285714	 1.68571429	  3.37142857	  3.37142857
 94	  27	  59	2023-10-18	  0.77142857	  1.54285714	  1.54285714	 1.68571429	  3.37142857	  3.37142857
 94	  27	  59	2023-10-19	  0.77142857	  1.54285714	  1.54285714	 1.68571429	  3.37142857	  3.37142857
 94	  27	  59	2023-10-20	  0.77142857	  1.54285714	  1.54285714	 1.68571429	  3.37142857	  3.37142857
 94	  27	  59	2023-10-21	  0.77142857	  1.54285714	  1.54285714	 1.68571429	  3.37142857	  3.37142857
 94	  27	  59	2023-10-22	  0.77142857	  1.54285714	  1.54285714	 1.68571429	  3.37142857	  3.37142857
 95	   7	  37	2023-10-23	  0.20000000	  0.40000000	  0.40000000	 1.05714286	  2.11428571	  2.11428571
 95	   7	  37	2023-10-24	  0.20000000	  0.40000000	  0.40000000	 1.05714286	  2.11428571	  2.11428571
 95	   7	  37	2023-10-25	  0.20000000	  0.40000000	  0.40000000	 1.05714286	  2.11428571	  2.11428571
 95	   7	  37	2023-10-26	  0.20000000	  0.40000000	  0.40000000	 1.05714286	  2.11428571	  2.11428571
 95	   7	  37	2023-10-27	  0.20000000	  0.40000000	  0.40000000	 1.05714286	  2.11428571	  2.11428571
 95	   7	  37	2023-10-28	  0.20000000	  0.40000000	  0.40000000	 1.05714286	  2.11428571	  2.11428571
 95	   7	  37	2023-10-29	  0.20000000	  0.40000000	  0.40000000	 1.05714286	  2.11428571	  2.11428571
 96	  13	  78	2023-10-30	  0.37142857	  0.74285714	  0.74285714	 2.22857143	  4.45714286	  4.45714286
 96	  13	  78	2023-10-31	  0.37142857	  0.74285714	  0.74285714	 2.22857143	  4.45714286	  4.45714286
 96	  13	  78	2023-11-01	  0.37142857	  0.74285714	  0.74285714	 2.22857143	  4.45714286	  4.45714286
 96	  13	  78	2023-11-02	  0.37142857	  0.74285714	  0.74285714	 2.22857143	  4.45714286	  4.45714286
 96	  13	  78	2023-11-03	  0.37142857	  0.74285714	  0.74285714	 2.22857143	  4.45714286	  4.45714286
 96	  13	  78	2023-11-04	  0.37142857	  0.74285714	  0.74285714	 2.22857143	  4.45714286	  4.45714286
 96	  13	  78	2023-11-05	  0.37142857	  0.74285714	  0.74285714	 2.22857143	  4.45714286	  4.45714286
 97	   3	  61	2023-11-06	  0.08571429	  0.17142857	  0.17142857	 1.74285714	  3.48571429	  3.48571429
 97	   3	  61	2023-11-07	  0.08571429	  0.17142857	  0.17142857	 1.74285714	  3.48571429	  3.48571429
 97	   3	  61	2023-11-08	  0.08571429	  0.17142857	  0.17142857	 1.74285714	  3.48571429	  3.48571429
 97	   3	  61	2023-11-09	  0.08571429	  0.17142857	  0.17142857	 1.74285714	  3.48571429	  3.48571429
 97	   3	  61	2023-11-10	  0.08571429	  0.17142857	  0.17142857	 1.74285714	  3.48571429	  3.48571429
 97	   3	  61	2023-11-11	  0.08571429	  0.17142857	  0.17142857	 1.74285714	  3.48571429	  3.48571429
 97	   3	  61	2023-11-12	  0.08571429	  0.17142857	  0.17142857	 1.74285714	  3.48571429	  3.48571429
 98	   6	  40	2023-11-13	  0.17142857	  0.34285714	  0.34285714	 1.14285714	  2.28571429	  2.28571429
 98	   6	  40	2023-11-14	  0.17142857	  0.34285714	  0.34285714	 1.14285714	  2.28571429	  2.28571429
 98	   6	  40	2023-11-15	  0.17142857	  0.34285714	  0.34285714	 1.14285714	  2.28571429	  2.28571429
 98	   6	  40	2023-11-16	  0.17142857	  0.34285714	  0.34285714	 1.14285714	  2.28571429	  2.28571429
 98	   6	  40	2023-11-17	  0.17142857	  0.34285714	  0.34285714	 1.14285714	  2.28571429	  2.28571429
 98	   6	  40	2023-11-18	  0.17142857	  0.34285714	  0.34285714	 1.14285714	  2.28571429	  2.28571429
 98	   6	  40	2023-11-19	  0.17142857	  0.34285714	  0.34285714	 1.14285714	  2.28571429	  2.28571429
 99	   1	   7	2023-11-20	  0.02857143	  0.05714286	  0.05714286	 0.20000000	  0.40000000	  0.40000000
 99	   1	   7	2023-11-21	  0.02857143	  0.05714286	  0.05714286	 0.20000000	  0.40000000	  0.40000000
 99	   1	   7	2023-11-22	  0.02857143	  0.05714286	  0.05714286	 0.20000000	  0.40000000	  0.40000000
 99	   1	   7	2023-11-23	  0.02857143	  0.05714286	  0.05714286	 0.20000000	  0.40000000	  0.40000000
 99	   1	   7	2023-11-24	  0.02857143	  0.05714286	  0.05714286	 0.20000000	  0.40000000	  0.40000000
 99	   1	   7	2023-11-25	  0.02857143	  0.05714286	  0.05714286	 0.20000000	  0.40000000	  0.40000000
 99	   1	   7	2023-11-26	  0.02857143	  0.05714286	  0.05714286	 0.20000000	  0.40000000	  0.40000000
100	   1	   5	2023-11-27	  0.02857143	  0.05714286	  0.05714286	 0.14285714	  0.28571429	  0.28571429
100	   1	   5	2023-11-28	  0.02857143	  0.05714286	  0.05714286	 0.14285714	  0.28571429	  0.28571429
100	   1	   5	2023-11-29	  0.02857143	  0.05714286	  0.05714286	 0.14285714	  0.28571429	  0.28571429
100	   1	   5	2023-11-30	  0.02857143	  0.05714286	  0.05714286	 0.14285714	  0.28571429	  0.28571429
100	   1	   5	2023-12-01	  0.02857143	  0.05714286	  0.05714286	 0.14285714	  0.28571429	  0.28571429
100	   1	   5	2023-12-02	  0.02857143	  0.05714286	  0.05714286	 0.14285714	  0.28571429	  0.28571429
100	   1	   5	2023-12-03	  0.02857143	  0.05714286	  0.05714286	 0.14285714	  0.28571429	  0.28571429
101	   3	  14	2023-12-04	  0.08571429	  0.17142857	  0.17142857	 0.40000000	  0.80000000	  0.80000000
101	   3	  14	2023-12-05	  0.08571429	  0.17142857	  0.17142857	 0.40000000	  0.80000000	  0.80000000
101	   3	  14	2023-12-06	  0.08571429	  0.17142857	  0.17142857	 0.40000000	  0.80000000	  0.80000000
101	   3	  14	2023-12-07	  0.08571429	  0.17142857	  0.17142857	 0.40000000	  0.80000000	  0.80000000
101	   3	  14	2023-12-08	  0.08571429	  0.17142857	  0.17142857	 0.40000000	  0.80000000	  0.80000000
101	   3	  14	2023-12-09	  0.08571429	  0.17142857	  0.17142857	 0.40000000	  0.80000000	  0.80000000
101	   3	  14	2023-12-10	  0.08571429	  0.17142857	  0.17142857	 0.40000000	  0.80000000	  0.80000000
102	   0	   4	2023-12-11	  0.00000000	  0.00000000	  0.00000000	 0.11428571	  0.22857143	  0.22857143
102	   0	   4	2023-12-12	  0.00000000	  0.00000000	  0.00000000	 0.11428571	  0.22857143	  0.22857143
102	   0	   4	2023-12-13	  0.00000000	  0.00000000	  0.00000000	 0.11428571	  0.22857143	  0.22857143
102	   0	   4	2023-12-14	  0.00000000	  0.00000000	  0.00000000	 0.11428571	  0.22857143	  0.22857143
102	   0	   4	2023-12-15	  0.00000000	  0.00000000	  0.00000000	 0.11428571	  0.22857143	  0.22857143
102	   0	   4	2023-12-16	  0.00000000	  0.00000000	  0.00000000	 0.11428571	  0.22857143	  0.22857143
102	   0	   4	2023-12-17	  0.00000000	  0.00000000	  0.00000000	 0.11428571	  0.22857143	  0.22857143
103	   0	   0	2023-12-18	  0.00000000	  0.00000000	  0.00000000	 0.00000000	  0.00000000	  0.00000000
103	   0	   0	2023-12-19	  0.00000000	  0.00000000	  0.00000000	 0.00000000	  0.00000000	  0.00000000
103	   0	   0	2023-12-20	  0.00000000	  0.00000000	  0.00000000	 0.00000000	  0.00000000	  0.00000000
103	   0	   0	2023-12-21	  0.00000000	  0.00000000	  0.00000000	 0.00000000	  0.00000000	  0.00000000
103	   0	   0	2023-12-22	  0.00000000	  0.00000000	  0.00000000	 0.00000000	  0.00000000	  0.00000000
103	   0	   0	2023-12-23	  0.00000000	  0.00000000	  0.00000000	 0.00000000	  0.00000000	  0.00000000
103	   0	   0	2023-12-24	  0.00000000	  0.00000000	  0.00000000	 0.00000000	  0.00000000	  0.00000000
104	   0	   0	2023-12-25	  0.00000000	  0.00000000	  0.00000000	 0.00000000	  0.00000000	  0.00000000
104	   0	   0	2023-12-26	  0.00000000	  0.00000000	  0.00000000	 0.00000000	  0.00000000	  0.00000000
104	   0	   0	2023-12-27	  0.00000000	  0.00000000	  0.00000000	 0.00000000	  0.00000000	  0.00000000
104	   0	   0	2023-12-28	  0.00000000	  0.00000000	  0.00000000	 0.00000000	  0.00000000	  0.00000000
104	   0	   0	2023-12-29	  0.00000000	  0.00000000	  0.00000000	 0.00000000	  0.00000000	  0.00000000
104	   0	   0	2023-12-30	  0.00000000	  0.00000000	  0.00000000	 0.00000000	  0.00000000	  0.00000000
104	   0	   0	2023-12-31	  0.00000000	  0.00000000	  0.00000000	 0.00000000	  0.00000000	  0.00000000
