vac1daily	vac2daily	vac1dailyCum	vac2dailyCum
1	0	0	0	0
2	0	0	0	0
3	0	0	0	0
4	0	0	0	0
5	0	0	0	0
6	0	0	0	0
7	0	0	0	0
8	0	0	0	0
9	0	0	0	0
10	0	0	0	0
11	0	0	0	0
12	0	0	0	0
13	0	0	0	0
14	0	0	0	0
15	0	0	0	0
16	0	0	0	0
17	0	0	0	0
18	0	0	0	0
19	0	0	0	0
20	0	0	0	0
21	0	0	0	0
22	0	0	0	0
23	0	0	0	0
24	0	0	0	0
25	0	0	0	0
26	0	0	0	0
27	0	0	0	0
28	0	0	0	0
29	0	0	0	0
30	0	0	0	0
31	0	0	0	0
32	0	0	0	0
33	0	0	0	0
34	0	0	0	0
35	0	0	0	0
36	0	0	0	0
37	0	0	0	0
38	0	0	0	0
39	0	0	0	0
40	0	0	0	0
41	0	0	0	0
42	0	0	0	0
43	0	0	0	0
44	0	0	0	0
45	0	0	0	0
46	0	0	0	0
47	0	0	0	0
48	0	0	0	0
49	0	0	0	0
50	0	0	0	0
51	0	0	0	0
52	0	0	0	0
53	0	0	0	0
54	0	0	0	0
55	0	0	0	0
56	0	0	0	0
57	0	0	0	0
58	0	0	0	0
59	0	0	0	0
60	0	0	0	0
61	0	0	0	0
62	0	0	0	0
63	0	0	0	0
64	0	0	0	0
65	0	0	0	0
66	0	0	0	0
67	0	0	0	0
68	0	0	0	0
69	0	0	0	0
70	0	0	0	0
71	0	0	0	0
72	0	0	0	0
73	0	0	0	0
74	0	0	0	0
75	0	0	0	0
76	0	0	0	0
77	0	0	0	0
78	0	0	0	0
79	0	0	0	0
80	0	0	0	0
81	0	0	0	0
82	0	0	0	0
83	0.85714285	0	0.85714285	0
84	0.85714285	0	1.7142857	0
85	0.85714285	0	2.57142855	0
86	0.85714285	0	3.4285714	0
87	0.85714285	0	4.28571425	0
88	0.85714285	0	5.1428571	0
89	0.85714285	0	5.99999995	0
90	2.28571428	0	8.28571423	0
91	2.28571428	0	10.57142851	0
92	2.28571428	0	12.85714279	0
93	2.28571428	0	15.14285707	0
94	2.28571428	0	17.42857135	0
95	2.28571428	0	19.71428563	0
96	2.28571428	0	21.99999991	0
97	0.85714285	0	22.85714276	0
98	0.85714285	0	23.71428561	0
99	0.85714285	0	24.57142846	0
100	0.85714285	0	25.42857131	0
101	0.85714285	0	26.28571416	0
102	0.85714285	0	27.14285701	0
103	0.85714285	0	27.99999986	0
104	102.85714285	2.71428572	130.85714271	2.71428572
105	102.85714285	2.71428572	233.71428556	5.42857144
106	102.85714285	2.71428572	336.57142841	8.14285716
107	102.85714285	2.71428572	439.42857126	10.85714288
108	102.85714285	2.71428572	542.28571411	13.5714286
109	102.85714285	2.71428572	645.14285696	16.28571432
110	102.85714285	2.71428572	747.99999981	19.00000004
111	343.85714285	3.42857143	1091.85714266	22.42857147
112	343.85714285	3.42857143	1435.71428551	25.8571429
113	343.85714285	3.42857143	1779.57142836	29.28571433
114	343.85714285	3.42857143	2123.42857121	32.71428576
115	343.85714285	3.42857143	2467.28571406	36.14285719
116	343.85714285	3.42857143	2811.14285691	39.57142862
117	343.85714285	3.42857143	3154.99999976	43.00000005
118	539.85714285	7.57142857	3694.85714261	50.57142862
119	539.85714285	7.57142857	4234.71428546	58.14285719
120	539.85714285	7.57142857	4774.57142831	65.71428576
121	539.85714285	7.57142857	5314.42857116	73.28571433
122	539.85714285	7.57142857	5854.28571401	80.8571429
123	539.85714285	7.57142857	6394.14285686	88.42857147
124	539.85714285	7.57142857	6933.99999971	96.00000004
125	384.28571428	4.71428572	7318.28571399	100.71428576
126	384.28571428	4.71428572	7702.57142827	105.42857148
127	384.28571428	4.71428572	8086.85714255	110.1428572
128	384.28571428	4.71428572	8471.14285683	114.85714292
129	384.28571428	4.71428572	8855.42857111	119.57142864
130	384.28571428	4.71428572	9239.71428539	124.28571436
131	384.28571428	4.71428572	9623.99999967	129.00000008
132	274.85714285	45.28571428	9898.85714252	174.28571436
133	274.85714285	45.28571428	10173.71428537	219.57142864
134	274.85714285	45.28571428	10448.57142822	264.85714292
135	274.85714285	45.28571428	10723.42857107	310.1428572
136	274.85714285	45.28571428	10998.28571392	355.42857148
137	274.85714285	45.28571428	11273.14285677	400.71428576
138	274.85714285	45.28571428	11547.99999962	446.00000004
139	259	170	11806.99999962	616.00000004
140	259	170	12065.99999962	786.00000004
141	259	170	12324.99999962	956.00000004
142	259	170	12583.99999962	1126.00000004
143	259	170	12842.99999962	1296.00000004
144	259	170	13101.99999962	1466.00000004
145	259	170	13360.99999962	1636.00000004
146	139.71428572	196.28571428	13500.71428534	1832.28571432
147	139.71428572	196.28571428	13640.42857106	2028.5714286
148	139.71428572	196.28571428	13780.14285678	2224.85714288
149	139.71428572	196.28571428	13919.8571425	2421.14285716
150	139.71428572	196.28571428	14059.57142822	2617.42857144
151	139.71428572	196.28571428	14199.28571394	2813.71428572
152	139.71428572	196.28571428	14338.99999966	3010
153	141.85714285	312.85714285	14480.85714251	3322.85714285
154	141.85714285	312.85714285	14622.71428536	3635.7142857
155	141.85714285	312.85714285	14764.57142821	3948.57142855
156	141.85714285	312.85714285	14906.42857106	4261.4285714
157	141.85714285	312.85714285	15048.28571391	4574.28571425
158	141.85714285	312.85714285	15190.14285676	4887.1428571
159	141.85714285	312.85714285	15331.99999961	5199.99999995
160	118.71428572	228	15450.71428533	5427.99999995
161	118.71428572	228	15569.42857105	5655.99999995
162	118.71428572	228	15688.14285677	5883.99999995
163	118.71428572	228	15806.85714249	6111.99999995
164	118.71428572	228	15925.57142821	6339.99999995
165	118.71428572	228	16044.28571393	6567.99999995
166	118.71428572	228	16162.99999965	6795.99999995
167	71	189.85714285	16233.99999965	6985.8571428
168	71	189.85714285	16304.99999965	7175.71428565
169	71	189.85714285	16375.99999965	7365.5714285
170	71	189.85714285	16446.99999965	7555.42857135
171	71	189.85714285	16517.99999965	7745.2857142
172	71	189.85714285	16588.99999965	7935.14285705
173	71	189.85714285	16659.99999965	8124.9999999
174	37.85714285	121	16697.8571425	8245.9999999
175	37.85714285	121	16735.71428535	8366.9999999
176	37.85714285	121	16773.5714282	8487.9999999
177	37.85714285	121	16811.42857105	8608.9999999
178	37.85714285	121	16849.2857139	8729.9999999
179	37.85714285	121	16887.14285675	8850.9999999
180	37.85714285	121	16924.9999996	8971.9999999
181	29.42857143	73.57142857	16954.42857103	9045.57142847
182	29.42857143	73.57142857	16983.85714246	9119.14285704
183	29.42857143	73.57142857	17013.28571389	9192.71428561
184	29.42857143	73.57142857	17042.71428532	9266.28571418
185	29.42857143	73.57142857	17072.14285675	9339.85714275
186	29.42857143	73.57142857	17101.57142818	9413.42857132
187	29.42857143	73.57142857	17130.99999961	9486.99999989
188	29	72.85714285	17159.99999961	9559.85714274
189	29	72.85714285	17188.99999961	9632.71428559
190	29	72.85714285	17217.99999961	9705.57142844
191	29	72.85714285	17246.99999961	9778.42857129
192	29	72.85714285	17275.99999961	9851.28571414
193	29	72.85714285	17304.99999961	9924.14285699
194	29	72.85714285	17333.99999961	9996.99999984
195	20.42857143	61.42857143	17354.42857104	10058.42857127
196	20.42857143	61.42857143	17374.85714247	10119.8571427
197	20.42857143	61.42857143	17395.2857139	10181.28571413
198	20.42857143	61.42857143	17415.71428533	10242.71428556
199	20.42857143	61.42857143	17436.14285676	10304.14285699
200	20.42857143	61.42857143	17456.57142819	10365.57142842
201	20.42857143	61.42857143	17476.99999962	10426.99999985
202	17.57142857	41.28571428	17494.57142819	10468.28571413
203	17.57142857	41.28571428	17512.14285676	10509.57142841
204	17.57142857	41.28571428	17529.71428533	10550.85714269
205	17.57142857	41.28571428	17547.2857139	10592.14285697
206	17.57142857	41.28571428	17564.85714247	10633.42857125
207	17.57142857	41.28571428	17582.42857104	10674.71428553
208	17.57142857	41.28571428	17599.99999961	10715.99999981
209	25.57142857	46.28571428	17625.57142818	10762.28571409
210	25.57142857	46.28571428	17651.14285675	10808.57142837
211	25.57142857	46.28571428	17676.71428532	10854.85714265
212	25.57142857	46.28571428	17702.28571389	10901.14285693
213	25.57142857	46.28571428	17727.85714246	10947.42857121
214	25.57142857	46.28571428	17753.42857103	10993.71428549
215	25.57142857	46.28571428	17778.9999996	11039.99999977
216	15.57142857	18.71428572	17794.57142817	11058.71428549
217	15.57142857	18.71428572	17810.14285674	11077.42857121
218	15.57142857	18.71428572	17825.71428531	11096.14285693
219	15.57142857	18.71428572	17841.28571388	11114.85714265
220	15.57142857	18.71428572	17856.85714245	11133.57142837
221	15.57142857	18.71428572	17872.42857102	11152.28571409
222	15.57142857	18.71428572	17887.99999959	11170.99999981
223	8.71428572	33.57142857	17896.71428531	11204.57142838
224	8.71428572	33.57142857	17905.42857103	11238.14285695
225	8.71428572	33.57142857	17914.14285675	11271.71428552
226	8.71428572	33.57142857	17922.85714247	11305.28571409
227	8.71428572	33.57142857	17931.57142819	11338.85714266
228	8.71428572	33.57142857	17940.28571391	11372.42857123
229	8.71428572	33.57142857	17948.99999963	11405.9999998
230	3.14285715	17	17952.14285678	11422.9999998
231	3.14285715	17	17955.28571393	11439.9999998
232	3.14285715	17	17958.42857108	11456.9999998
233	3.14285715	17	17961.57142823	11473.9999998
234	3.14285715	17	17964.71428538	11490.9999998
235	3.14285715	17	17967.85714253	11507.9999998
236	3.14285715	17	17970.99999968	11524.9999998
237	1.85714285	22.42857143	17972.85714253	11547.42857123
238	1.85714285	22.42857143	17974.71428538	11569.85714266
239	1.85714285	22.42857143	17976.57142823	11592.28571409
240	1.85714285	22.42857143	17978.42857108	11614.71428552
241	1.85714285	22.42857143	17980.28571393	11637.14285695
242	1.85714285	22.42857143	17982.14285678	11659.57142838
243	1.85714285	22.42857143	17983.99999963	11681.99999981
244	5.28571428	17.71428572	17989.28571391	11699.71428553
245	5.28571428	17.71428572	17994.57142819	11717.42857125
246	5.28571428	17.71428572	17999.85714247	11735.14285697
247	5.28571428	17.71428572	18005.14285675	11752.85714269
248	5.28571428	17.71428572	18010.42857103	11770.57142841
249	5.28571428	17.71428572	18015.71428531	11788.28571413
250	5.28571428	17.71428572	18020.99999959	11805.99999985
251	0.57142857	6.85714285	18021.57142816	11812.8571427
252	0.57142857	6.85714285	18022.14285673	11819.71428555
253	0.57142857	6.85714285	18022.7142853	11826.5714284
254	0.57142857	6.85714285	18023.28571387	11833.42857125
255	0.57142857	6.85714285	18023.85714244	11840.2857141
256	0.57142857	6.85714285	18024.42857101	11847.14285695
257	0.57142857	6.85714285	18024.99999958	11853.9999998
258	0.14285715	3.85714285	18025.14285673	11857.85714265
259	0.14285715	3.85714285	18025.28571388	11861.7142855
260	0.14285715	3.85714285	18025.42857103	11865.57142835
261	0.14285715	3.85714285	18025.57142818	11869.4285712
262	0.14285715	3.85714285	18025.71428533	11873.28571405
263	0.14285715	3.85714285	18025.85714248	11877.1428569
264	0.14285715	3.85714285	18025.99999963	11880.99999975
265	0.42857143	1.71428572	18026.42857106	11882.71428547
266	0.42857143	1.71428572	18026.85714249	11884.42857119
267	0.42857143	1.71428572	18027.28571392	11886.14285691
268	0.42857143	1.71428572	18027.71428535	11887.85714263
269	0.42857143	1.71428572	18028.14285678	11889.57142835
270	0.42857143	1.71428572	18028.57142821	11891.28571407
271	0.42857143	1.71428572	18028.99999964	11892.99999979
272	0.85714285	2.57142857	18029.85714249	11895.57142836
273	0.85714285	2.57142857	18030.71428534	11898.14285693
274	0.85714285	2.57142857	18031.57142819	11900.7142855
275	0.85714285	2.57142857	18032.42857104	11903.28571407
276	0.85714285	2.57142857	18033.28571389	11905.85714264
277	0.85714285	2.57142857	18034.14285674	11908.42857121
278	0.85714285	2.57142857	18034.99999959	11910.99999978
279	0.28571428	0.71428572	18035.28571387	11911.7142855
280	0.28571428	0.71428572	18035.57142815	11912.42857122
281	0.28571428	0.71428572	18035.85714243	11913.14285694
282	0.28571428	0.71428572	18036.14285671	11913.85714266
283	0.28571428	0.71428572	18036.42857099	11914.57142838
284	0.28571428	0.71428572	18036.71428527	11915.2857141
285	0.28571428	0.71428572	18036.99999955	11915.99999982
286	0	0	18036.99999955	11915.99999982
287	0	0	18036.99999955	11915.99999982
288	0	0	18036.99999955	11915.99999982
289	0	0	18036.99999955	11915.99999982
290	0	0	18036.99999955	11915.99999982
291	0	0	18036.99999955	11915.99999982
292	0	0	18036.99999955	11915.99999982
293	0	0	18036.99999955	11915.99999982
294	0	0	18036.99999955	11915.99999982
295	0	0	18036.99999955	11915.99999982
296	0	0	18036.99999955	11915.99999982
297	0	0	18036.99999955	11915.99999982
298	0	0	18036.99999955	11915.99999982
299	0	0	18036.99999955	11915.99999982
300	0	0.42857143	18036.99999955	11916.42857125
301	0	0.42857143	18036.99999955	11916.85714268
302	0	0.42857143	18036.99999955	11917.28571411
303	0	0.42857143	18036.99999955	11917.71428554
304	0	0.42857143	18036.99999955	11918.14285697
305	0	0.42857143	18036.99999955	11918.5714284
306	0	0.42857143	18036.99999955	11918.99999983
307	0.14285715	0.28571428	18037.1428567	11919.28571411
308	0.14285715	0.28571428	18037.28571385	11919.57142839
309	0.14285715	0.28571428	18037.428571	11919.85714267
310	0.14285715	0.28571428	18037.57142815	11920.14285695
311	0.14285715	0.28571428	18037.7142853	11920.42857123
312	0.14285715	0.28571428	18037.85714245	11920.71428551
313	0.14285715	0.28571428	18037.9999996	11920.99999979
314	0	0.28571428	18037.9999996	11921.28571407
315	0	0.28571428	18037.9999996	11921.57142835
316	0	0.28571428	18037.9999996	11921.85714263
317	0	0.28571428	18037.9999996	11922.14285691
318	0	0.28571428	18037.9999996	11922.42857119
319	0	0.28571428	18037.9999996	11922.71428547
320	0	0.28571428	18037.9999996	11922.99999975
321	0	0.14285715	18037.9999996	11923.1428569
322	0	0.14285715	18037.9999996	11923.28571405
323	0	0.14285715	18037.9999996	11923.4285712
324	0	0.14285715	18037.9999996	11923.57142835
325	0	0.14285715	18037.9999996	11923.7142855
326	0	0.14285715	18037.9999996	11923.85714265
327	0	0.14285715	18037.9999996	11923.9999998
328	0	0.14285715	18037.9999996	11924.14285695
329	0	0.14285715	18037.9999996	11924.2857141
330	0	0.14285715	18037.9999996	11924.42857125
331	0	0.14285715	18037.9999996	11924.5714284
332	0	0.14285715	18037.9999996	11924.71428555
333	0	0.14285715	18037.9999996	11924.8571427
334	0	0.14285715	18037.9999996	11924.99999985
335	0	0.28571428	18037.9999996	11925.28571413
336	0	0.28571428	18037.9999996	11925.57142841
337	0	0.28571428	18037.9999996	11925.85714269
338	0	0.28571428	18037.9999996	11926.14285697
339	0	0.28571428	18037.9999996	11926.42857125
340	0	0.28571428	18037.9999996	11926.71428553
341	0	0.28571428	18037.9999996	11926.99999981
342	0	0.14285715	18037.9999996	11927.14285696
343	0	0.14285715	18037.9999996	11927.28571411
344	0	0.14285715	18037.9999996	11927.42857126
345	0	0.14285715	18037.9999996	11927.57142841
346	0	0.14285715	18037.9999996	11927.71428556
347	0	0.14285715	18037.9999996	11927.85714271
348	0	0.14285715	18037.9999996	11927.99999986
349	0	0	18037.9999996	11927.99999986
350	0	0	18037.9999996	11927.99999986
351	0	0	18037.9999996	11927.99999986
352	0	0	18037.9999996	11927.99999986
353	0	0	18037.9999996	11927.99999986
354	0	0	18037.9999996	11927.99999986
355	0	0	18037.9999996	11927.99999986
356	0	0.14285715	18037.9999996	11928.14285701
357	0	0.14285715	18037.9999996	11928.28571416
358	0	0.14285715	18037.9999996	11928.42857131
359	0	0.14285715	18037.9999996	11928.57142846
360	0	0.14285715	18037.9999996	11928.71428561
361	0	0.14285715	18037.9999996	11928.85714276
362	0	0.14285715	18037.9999996	11928.99999991
363	0	0	18037.9999996	11928.99999991
364	0	0	18037.9999996	11928.99999991
365	0	0	18037.9999996	11928.99999991
366	0	0	18037.9999996	11928.99999991
367	0	0	18037.9999996	11928.99999991
368	0	0	18037.9999996	11928.99999991
369	0	0	18037.9999996	11928.99999991
370	0	0	18037.9999996	11928.99999991
371	0	0	18037.9999996	11928.99999991
372	0	0	18037.9999996	11928.99999991
373	0	0	18037.9999996	11928.99999991
374	0	0	18037.9999996	11928.99999991
375	0	0	18037.9999996	11928.99999991
376	0	0	18037.9999996	11928.99999991
377	0	0	18037.9999996	11928.99999991
378	0	0	18037.9999996	11928.99999991
379	0	0	18037.9999996	11928.99999991
380	0	0	18037.9999996	11928.99999991
381	0	0	18037.9999996	11928.99999991
382	0	0	18037.9999996	11928.99999991
383	0	0	18037.9999996	11928.99999991
384	0	0	18037.9999996	11928.99999991
385	0	0	18037.9999996	11928.99999991
386	0	0	18037.9999996	11928.99999991
387	0	0	18037.9999996	11928.99999991
388	0	0	18037.9999996	11928.99999991
389	0	0	18037.9999996	11928.99999991
390	0	0	18037.9999996	11928.99999991
391	7.57142857	1.14285715	18045.57142817	11930.14285706
392	7.57142857	1.14285715	18053.14285674	11931.28571421
393	7.57142857	1.14285715	18060.71428531	11932.42857136
394	7.57142857	1.14285715	18068.28571388	11933.57142851
395	7.57142857	1.14285715	18075.85714245	11934.71428566
396	7.57142857	1.14285715	18083.42857102	11935.85714281
397	7.57142857	1.14285715	18090.99999959	11936.99999996
398	12.42857143	1.42857143	18103.42857102	11938.42857139
399	12.42857143	1.42857143	18115.85714245	11939.85714282
400	12.42857143	1.42857143	18128.28571388	11941.28571425
401	12.42857143	1.42857143	18140.71428531	11942.71428568
402	12.42857143	1.42857143	18153.14285674	11944.14285711
403	12.42857143	1.42857143	18165.57142817	11945.57142854
404	12.42857143	1.42857143	18177.9999996	11946.99999997
405	22.57142857	1.71428572	18200.57142817	11948.71428569
406	22.57142857	1.71428572	18223.14285674	11950.42857141
407	22.57142857	1.71428572	18245.71428531	11952.14285713
408	22.57142857	1.71428572	18268.28571388	11953.85714285
409	22.57142857	1.71428572	18290.85714245	11955.57142857
410	22.57142857	1.71428572	18313.42857102	11957.28571429
411	22.57142857	1.71428572	18335.99999959	11959.00000001
412	14.42857143	1.71428572	18350.42857102	11960.71428573
413	14.42857143	1.71428572	18364.85714245	11962.42857145
414	14.42857143	1.71428572	18379.28571388	11964.14285717
415	14.42857143	1.71428572	18393.71428531	11965.85714289
416	14.42857143	1.71428572	18408.14285674	11967.57142861
417	14.42857143	1.71428572	18422.57142817	11969.28571433
418	14.42857143	1.71428572	18436.9999996	11971.00000005
419	11.28571428	3	18448.28571388	11974.00000005
420	11.28571428	3	18459.57142816	11977.00000005
421	11.28571428	3	18470.85714244	11980.00000005
422	11.28571428	3	18482.14285672	11983.00000005
423	11.28571428	3	18493.428571	11986.00000005
424	11.28571428	3	18504.71428528	11989.00000005
425	11.28571428	3	18515.99999956	11992.00000005
426	12	6.28571428	18527.99999956	11998.28571433
427	12	6.28571428	18539.99999956	12004.57142861
428	12	6.28571428	18551.99999956	12010.85714289
429	12	6.28571428	18563.99999956	12017.14285717
430	12	6.28571428	18575.99999956	12023.42857145
431	12	6.28571428	18587.99999956	12029.71428573
432	12	6.28571428	18599.99999956	12036.00000001
433	10.71428572	14.14285715	18610.71428528	12050.14285716
434	10.71428572	14.14285715	18621.428571	12064.28571431
435	10.71428572	14.14285715	18632.14285672	12078.42857146
436	10.71428572	14.14285715	18642.85714244	12092.57142861
437	10.71428572	14.14285715	18653.57142816	12106.71428576
438	10.71428572	14.14285715	18664.28571388	12120.85714291
439	10.71428572	14.14285715	18674.9999996	12135.00000006
440	9.85714285	12.42857143	18684.85714245	12147.42857149
441	9.85714285	12.42857143	18694.7142853	12159.85714292
442	9.85714285	12.42857143	18704.57142815	12172.28571435
443	9.85714285	12.42857143	18714.428571	12184.71428578
444	9.85714285	12.42857143	18724.28571385	12197.14285721
445	9.85714285	12.42857143	18734.1428567	12209.57142864
446	9.85714285	12.42857143	18743.99999955	12222.00000007
447	7	11.42857143	18750.99999955	12233.4285715
448	7	11.42857143	18757.99999955	12244.85714293
449	7	11.42857143	18764.99999955	12256.28571436
450	7	11.42857143	18771.99999955	12267.71428579
451	7	11.42857143	18778.99999955	12279.14285722
452	7	11.42857143	18785.99999955	12290.57142865
453	7	11.42857143	18792.99999955	12302.00000008
454	8	8.85714285	18800.99999955	12310.85714293
455	8	8.85714285	18808.99999955	12319.71428578
456	8	8.85714285	18816.99999955	12328.57142863
457	8	8.85714285	18824.99999955	12337.42857148
458	8	8.85714285	18832.99999955	12346.28571433
459	8	8.85714285	18840.99999955	12355.14285718
460	8	8.85714285	18848.99999955	12364.00000003
461	5.57142857	7.42857143	18854.57142812	12371.42857146
462	5.57142857	7.42857143	18860.14285669	12378.85714289
463	5.57142857	7.42857143	18865.71428526	12386.28571432
464	5.57142857	7.42857143	18871.28571383	12393.71428575
465	5.57142857	7.42857143	18876.8571424	12401.14285718
466	5.57142857	7.42857143	18882.42857097	12408.57142861
467	5.57142857	7.42857143	18887.99999954	12416.00000004
468	8.71428572	5.85714285	18896.71428526	12421.85714289
469	8.71428572	5.85714285	18905.42857098	12427.71428574
470	8.71428572	5.85714285	18914.1428567	12433.57142859
471	8.71428572	5.85714285	18922.85714242	12439.42857144
472	8.71428572	5.85714285	18931.57142814	12445.28571429
473	8.71428572	5.85714285	18940.28571386	12451.14285714
474	8.71428572	5.85714285	18948.99999958	12456.99999999
475	5.57142857	4	18954.57142815	12460.99999999
476	5.57142857	4	18960.14285672	12464.99999999
477	5.57142857	4	18965.71428529	12468.99999999
478	5.57142857	4	18971.28571386	12472.99999999
479	5.57142857	4	18976.85714243	12476.99999999
480	5.57142857	4	18982.428571	12480.99999999
481	5.57142857	4	18987.99999957	12484.99999999
482	6.42857143	6.85714285	18994.428571	12491.85714284
483	6.42857143	6.85714285	19000.85714243	12498.71428569
484	6.42857143	6.85714285	19007.28571386	12505.57142854
485	6.42857143	6.85714285	19013.71428529	12512.42857139
486	6.42857143	6.85714285	19020.14285672	12519.28571424
487	6.42857143	6.85714285	19026.57142815	12526.14285709
488	6.42857143	6.85714285	19032.99999958	12532.99999994
489	7.14285715	6.42857143	19040.14285673	12539.42857137
490	7.14285715	6.42857143	19047.28571388	12545.8571428
491	7.14285715	6.42857143	19054.42857103	12552.28571423
492	7.14285715	6.42857143	19061.57142818	12558.71428566
493	7.14285715	6.42857143	19068.71428533	12565.14285709
494	7.14285715	6.42857143	19075.85714248	12571.57142852
495	7.14285715	6.42857143	19082.99999963	12577.99999995
496	14.14285715	6.57142857	19097.14285678	12584.57142852
497	14.14285715	6.57142857	19111.28571393	12591.14285709
498	14.14285715	6.57142857	19125.42857108	12597.71428566
499	14.14285715	6.57142857	19139.57142823	12604.28571423
500	14.14285715	6.57142857	19153.71428538	12610.8571428
501	14.14285715	6.57142857	19167.85714253	12617.42857137
502	14.14285715	6.57142857	19181.99999968	12623.99999994
503	11.57142857	7.57142857	19193.57142825	12631.57142851
504	11.57142857	7.57142857	19205.14285682	12639.14285708
505	11.57142857	7.57142857	19216.71428539	12646.71428565
506	11.57142857	7.57142857	19228.28571396	12654.28571422
507	11.57142857	7.57142857	19239.85714253	12661.85714279
508	11.57142857	7.57142857	19251.4285711	12669.42857136
509	11.57142857	7.57142857	19262.99999967	12676.99999993
510	8.57142857	4.85714285	19271.57142824	12681.85714278
511	8.57142857	4.85714285	19280.14285681	12686.71428563
512	8.57142857	4.85714285	19288.71428538	12691.57142848
513	8.57142857	4.85714285	19297.28571395	12696.42857133
514	8.57142857	4.85714285	19305.85714252	12701.28571418
515	8.57142857	4.85714285	19314.42857109	12706.14285703
516	8.57142857	4.85714285	19322.99999966	12710.99999988
517	7.42857143	7.71428572	19330.42857109	12718.7142856
518	7.42857143	7.71428572	19337.85714252	12726.42857132
519	7.42857143	7.71428572	19345.28571395	12734.14285704
520	7.42857143	7.71428572	19352.71428538	12741.85714276
521	7.42857143	7.71428572	19360.14285681	12749.57142848
522	7.42857143	7.71428572	19367.57142824	12757.2857142
523	7.42857143	7.71428572	19374.99999967	12764.99999992
524	8.71428572	6.71428572	19383.71428539	12771.71428564
525	8.71428572	6.71428572	19392.42857111	12778.42857136
526	8.71428572	6.71428572	19401.14285683	12785.14285708
527	8.71428572	6.71428572	19409.85714255	12791.8571428
528	8.71428572	6.71428572	19418.57142827	12798.57142852
529	8.71428572	6.71428572	19427.28571399	12805.28571424
530	8.71428572	6.71428572	19435.99999971	12811.99999996
531	7.85714285	8.57142857	19443.85714256	12820.57142853
532	7.85714285	8.57142857	19451.71428541	12829.1428571
533	7.85714285	8.57142857	19459.57142826	12837.71428567
534	7.85714285	8.57142857	19467.42857111	12846.28571424
535	7.85714285	8.57142857	19475.28571396	12854.85714281
536	7.85714285	8.57142857	19483.14285681	12863.42857138
537	7.85714285	8.57142857	19490.99999966	12871.99999995
538	3.85714285	8.42857143	19494.85714251	12880.42857138
539	3.85714285	8.42857143	19498.71428536	12888.85714281
540	3.85714285	8.42857143	19502.57142821	12897.28571424
541	3.85714285	8.42857143	19506.42857106	12905.71428567
542	3.85714285	8.42857143	19510.28571391	12914.1428571
543	3.85714285	8.42857143	19514.14285676	12922.57142853
544	3.85714285	8.42857143	19517.99999961	12930.99999996
545	1	5.28571428	19518.99999961	12936.28571424
546	1	5.28571428	19519.99999961	12941.57142852
547	1	5.28571428	19520.99999961	12946.8571428
548	1	5.28571428	19521.99999961	12952.14285708
549	1	5.28571428	19522.99999961	12957.42857136
550	1	5.28571428	19523.99999961	12962.71428564
551	1	5.28571428	19524.99999961	12967.99999992
552	1.85714285	11.14285715	19526.85714246	12979.14285707
553	1.85714285	11.14285715	19528.71428531	12990.28571422
554	1.85714285	11.14285715	19530.57142816	13001.42857137
555	1.85714285	11.14285715	19532.42857101	13012.57142852
556	1.85714285	11.14285715	19534.28571386	13023.71428567
557	1.85714285	11.14285715	19536.14285671	13034.85714282
558	1.85714285	11.14285715	19537.99999956	13045.99999997
559	0.42857143	8.71428572	19538.42857099	13054.71428569
560	0.42857143	8.71428572	19538.85714242	13063.42857141
561	0.42857143	8.71428572	19539.28571385	13072.14285713
562	0.42857143	8.71428572	19539.71428528	13080.85714285
563	0.42857143	8.71428572	19540.14285671	13089.57142857
564	0.42857143	8.71428572	19540.57142814	13098.28571429
565	0.42857143	8.71428572	19540.99999957	13107.00000001
566	0.85714285	5.71428572	19541.85714242	13112.71428573
567	0.85714285	5.71428572	19542.71428527	13118.42857145
568	0.85714285	5.71428572	19543.57142812	13124.14285717
569	0.85714285	5.71428572	19544.42857097	13129.85714289
570	0.85714285	5.71428572	19545.28571382	13135.57142861
571	0.85714285	5.71428572	19546.14285667	13141.28571433
572	0.85714285	5.71428572	19546.99999952	13147.00000005
573	0.14285715	1	19547.14285667	13148.00000005
574	0.14285715	1	19547.28571382	13149.00000005
575	0.14285715	1	19547.42857097	13150.00000005
576	0.14285715	1	19547.57142812	13151.00000005
577	0.14285715	1	19547.71428527	13152.00000005
578	0.14285715	1	19547.85714242	13153.00000005
579	0.14285715	1	19547.99999957	13154.00000005
580	0.14285715	0.71428572	19548.14285672	13154.71428577
581	0.14285715	0.71428572	19548.28571387	13155.42857149
582	0.14285715	0.71428572	19548.42857102	13156.14285721
583	0.14285715	0.71428572	19548.57142817	13156.85714293
584	0.14285715	0.71428572	19548.71428532	13157.57142865
585	0.14285715	0.71428572	19548.85714247	13158.28571437
586	0.14285715	0.71428572	19548.99999962	13159.00000009
587	0.42857143	2	19549.42857105	13161.00000009
588	0.42857143	2	19549.85714248	13163.00000009
589	0.42857143	2	19550.28571391	13165.00000009
590	0.42857143	2	19550.71428534	13167.00000009
591	0.42857143	2	19551.14285677	13169.00000009
592	0.42857143	2	19551.5714282	13171.00000009
593	0.42857143	2	19551.99999963	13173.00000009
594	0	0.57142857	19551.99999963	13173.57142866
595	0	0.57142857	19551.99999963	13174.14285723
596	0	0.57142857	19551.99999963	13174.7142858
597	0	0.57142857	19551.99999963	13175.28571437
598	0	0.57142857	19551.99999963	13175.85714294
599	0	0.57142857	19551.99999963	13176.42857151
600	0	0.57142857	19551.99999963	13177.00000008
601	0	0	19551.99999963	13177.00000008
602	0	0	19551.99999963	13177.00000008
603	0	0	19551.99999963	13177.00000008
604	0	0	19551.99999963	13177.00000008
605	0	0	19551.99999963	13177.00000008
606	0	0	19551.99999963	13177.00000008
607	0	0	19551.99999963	13177.00000008
608	0	0	19551.99999963	13177.00000008
609	0	0	19551.99999963	13177.00000008
610	0	0	19551.99999963	13177.00000008
611	0	0	19551.99999963	13177.00000008
612	0	0	19551.99999963	13177.00000008
613	0	0	19551.99999963	13177.00000008
614	0	0	19551.99999963	13177.00000008
