S01	S02	S03	E01	E02	E03	I01	I02	I03	Y01	Y02	Y03	R01	R02	R03	S11	S12	S13	E11	E12	E13	I11	I12	I13	Y11	Y12	Y13	R11	R12	R13	S21	S22	S23	E21	E22	E23	I21	I22	I23	Y21	Y22	Y23	R21	R22	R23
1	103143.93252882	43405.2328800559	-5046.85622096956	0	0	0	0	0	0	0	0	0	707.326776020043	403.406297112738	58.7541371972589	46102.8215764621	24971.9971764829	3216.39700190446	0	0	0	0	0	0	0	0	0	73.6762519545663	42.3200208622872	6.29810744768422	9609.62786394984	13221.3112879127	10213.8449335156	0	0	0	0	0	0	0	0	0	0.0645169703789885	0.0431804597566048	0.00917535245012895
2	103245.988353955	43463.4241640023	-5037.77956797172	0	0	0	0	0	0	0	0	0	604.728855986551	344.900577586774	49.6284543771572	46102.9074470648	24972.046132558	3216.40225498046	0	0	0	0	0	0	0	0	0	62.4271327241523	35.808236084665	5.2452885003653	9609.65388130861	13221.3298509145	10213.849300015	0	0	0	0	0	0	0	0	0	0.0418448112447566	0.0279749414800233	0.00590809324540388
3	103156.698311872	43427.9124646983	-5037.18267637387	0	0	0	0	0	0	0	0	0	694.064306806188	380.372449802871	49.0008567389929	46102.9358391725	24972.0677493729	3216.4084712957	0	0	0	0	0	0	0	0	0	70.6473151401698	38.8589031772257	5.0682104526841	9609.65332100314	13221.3278182878	10213.8477769362	0	0	0	0	0	0	0	0	0	0.0352488840157695	0.0228026078603971	0.00442670456623367
4	103080.396488727	43377.5868679582	-5047.0429423278	0	0	0	0	0	0	0	0	0	771.070457828237	431.123881911989	58.9281435053217	46102.8610140282	24972.019133999	3216.40192609143	0	0	0	0	0	0	0	0	0	79.1083342470549	44.4506111027647	6.17382532915025	9609.69156517639	13221.3569023318	10213.855700219	0	0	0	0	0	0	0	0	0	0.0457430030233679	0.0301443337522125	0.00615008580945954
5	103141.946014675	43419.2784071338	-5038.67132711833	0	0	0	0	0	0	0	0	0	709.142496074836	389.178554103124	50.5031279606893	46102.9339098498	24972.0712664328	3216.41680794156	0	0	0	0	0	0	0	0	0	71.4926090795282	39.3058562059702	5.13164904635027	9609.64667941292	13221.3252105745	10213.8483381473	0	0	0	0	0	0	0	0	0	0.0103038944215402	0.00664198173214819	0.00128241660397207
6	103114.109647381	43398.817352	-5042.98337783476	0	0	0	0	0	0	0	0	0	737.151831024459	409.761454842808	54.8327077146993	46102.7667006841	24971.9807493388	3216.41356258941	0	0	0	0	0	0	0	0	0	76.1706670641839	42.6125621910249	5.82398472740295	9609.63602335234	13221.3182407775	10213.8465665271	0	0	0	0	0	0	0	0	0	0.0692488031859038	0.0455615823944056	0.00920995575873732
7	103089.438601951	43373.0614399013	-5051.2692805864	0	0	0	0	0	0	0	0	0	762.088742305133	435.725826019038	63.183417727957	46102.8057673576	24971.9860941046	3216.39419783994	0	0	0	0	0	0	0	0	0	77.7446274654659	44.6050341359045	6.53730055155977	9609.70002626706	13221.3619468487	10213.8564635992	0	0	0	0	0	0	0	0	0	0.0190262232117579	0.012484088188289	0.00252070343213538
8	103272.329223875	43469.0751490707	-5041.28778039745	0	0	0	0	0	0	0	0	0	578.39736908504	339.303955041493	53.1727175107396	46102.8354069968	24972.0001115774	3216.38750414181	0	0	0	0	0	0	0	0	0	59.2635787727882	34.8949051130256	5.52607881166728	9609.55608500724	13221.2657279937	10213.8367761025	0	0	0	0	0	0	0	0	0	0.0164301645579718	0.0110682204691873	0.00238886686642379
9	103064.675284205	43371.3920349621	-5046.90097337279	0	0	0	0	0	0	0	0	0	786.777366149233	437.309402117737	58.7904518879163	46102.8706993003	24972.0214645194	3216.39573366082	0	0	0	0	0	0	0	0	0	81.0031791093274	45.2848095142588	6.20538191193637	9609.6536580748	13221.3301648927	10213.8493094692	0	0	0	0	0	0	0	0	0	0.0563882154430202	0.0374439019715952	0.00778630693542969
10	103153.823189444	43409.2859566049	-5046.74943724517	0	0	0	0	0	0	0	0	0	697.411835634477	399.342985214581	58.6472837532551	46102.8395378435	24972.0016518346	3216.39409951899	0	0	0	0	0	0	0	0	0	71.3104095222486	40.9928401812664	6.09140458920567	9609.65934410451	13221.3351765986	10213.8511982941	0	0	0	0	0	0	0	0	0	0.0211411034166546	0.0140615760038447	0.00294384216995613
11	103124.220771187	43392.9269019217	-5049.4315641691	0	0	0	0	0	0	0	0	0	727.02578737976	415.708058253799	61.3347567543801	46102.9320435657	24972.060311997	3216.40279526698	0	0	0	0	0	0	0	0	0	75.4145593792472	43.3915085793628	6.52084504732952	9609.62193783647	13221.3093587059	10213.8454082252	0	0	0	0	0	0	0	0	0	0.0517575598524812	0.0343942170193188	0.00718729461764802
12	103096.680923107	43388.0017683641	-5045.63818089692	0	0	0	0	0	0	0	0	0	754.339601516871	420.454422993894	57.4929144727505	46102.9180124155	24972.0511582908	3216.40223334514	0	0	0	0	0	0	0	0	0	77.0867754827836	43.1504263581506	5.9816241432018	9609.68763851892	13221.3531106565	10213.8543717183	0	0	0	0	0	0	0	0	0	0.0340270613304109	0.0224359557155952	0.00459442683400593
13	103225.885414141	43470.9322840683	-5029.38595563335	0	0	0	0	0	0	0	0	0	624.832714755095	337.301375689164	41.1832459506148	46102.9661613007	24972.090192078	3216.4157983715	0	0	0	0	0	0	0	0	0	63.0418165462532	34.0973177382585	4.19122984649291	9609.63966518914	13221.3203217446	10213.8470727267	0	0	0	0	0	0	0	0	0	0.0195480032359274	0.012322258606951	0.00222860080052549
14	103119.972261098	43392.548547577	-5048.75284649409	0	0	0	0	0	0	0	0	0	731.410546548402	416.161217944512	60.6691843736075	46102.7791724034	24971.955098185	3216.37677681677	0	0	0	0	0	0	0	0	0	75.1153749058942	42.9385162114601	6.34634739755978	9609.71098967881	13221.3704153462	10213.8585961248	0	0	0	0	0	0	0	0	0	0.0336134312132785	0.0220892552636159	0.00449335321413113
15	103125.899797464	43402.0047846129	-5044.89437058501	0	0	0	0	0	0	0	0	0	725.357085354165	406.59991298868	56.7770458968962	46102.8496069712	24972.011216073	3216.3964569704	0	0	0	0	0	0	0	0	0	75.2605696636021	42.4846136989807	6.06360095349565	9609.66304363358	13221.3365317923	10213.8508384438	0	0	0	0	0	0	0	0	0	0.0710653734728121	0.0469415894124514	0.00964054420688684
16	103133.294520986	43408.5059534527	-5043.1658507862	0	0	0	0	0	0	0	0	0	717.790256864177	399.975740838895	55.0119543799601	46102.9251919477	24972.0721934524	3216.42152425841	0	0	0	0	0	0	0	0	0	73.4070400711117	41.0870982557852	5.73087769633337	9609.59913881395	13221.2947737396	10213.8426670348	0	0	0	0	0	0	0	0	0	0.0338033095563018	0.0221704269742913	0.00448065981894892
17	103109.25325864	43389.307064284	-5046.96357535865	0	0	0	0	0	0	0	0	0	742.018200721446	419.320206372194	58.8500463427921	46102.8581019167	24972.0126045008	3216.39615845685	0	0	0	0	0	0	0	0	0	76.3040472425939	43.3436665656684	6.18440278164529	9609.64720505232	13221.3276357474	10213.8498857225	0	0	0	0	0	0	0	0	0	0.0413935553894137	0.0275910615939453	0.00578267989799052
18	103196.466893665	43431.9615932983	-5044.77522702346	0	0	0	0	0	0	0	0	0	654.772972602754	376.677131479345	56.6799414505231	46102.8388219881	24972.0044808555	3216.39643005502	0	0	0	0	0	0	0	0	0	67.3708213965394	38.9467405740347	5.94336387651359	9609.68915485176	13221.3527891736	10213.8535856891	0	0	0	0	0	0	0	0	0	0.0271418008034997	0.0181016433008729	0.0038184800896658
19	103157.624296907	43422.6097673969	-5040.16781207308	0	0	0	0	0	0	0	0	0	693.217536936998	385.741560708688	52.0024683839733	46102.9401824998	24972.0722120702	3216.41116964603	0	0	0	0	0	0	0	0	0	70.7769547711682	39.543715469469	5.40185987064631	9609.62515560709	13221.3110076004	10213.8449639378	0	0	0	0	0	0	0	0	0	0.0340252621392074	0.0222145252896748	0.00443275360953131
20	103095.782208401	43394.6119729149	-5041.7264521737	0	0	0	0	0	0	0	0	0	755.361349951053	413.873698911687	53.5642534757709	46102.8865979187	24972.0413027721	3216.40805647493	0	0	0	0	0	0	0	0	0	76.2378379322185	41.8544876595327	5.45293275265039	9609.66535972967	13221.3400512484	10213.8526912251	0	0	0	0	0	0	0	0	0	0.0127577927050585	0.00817529775509424	0.00155400643667297
21	103132.627138438	43412.7949215762	-5040.19919839069	0	0	0	0	0	0	0	0	0	718.958596799497	395.951877154653	52.0801605544748	46102.8080003469	24971.9892759994	3216.3960615953	0	0	0	0	0	0	0	0	0	73.0440866557842	40.3560445919918	5.36384132828812	9609.71865979861	13221.3745143908	10213.8590765017	0	0	0	0	0	0	0	0	0	0.0285723174591272	0.0182727597633799	0.00345870627777137
22	103141.780175843	43407.5021505639	-5045.33107479462	0	0	0	0	0	0	0	0	0	709.218318280861	400.963557147117	57.1959099896328	46102.9269890636	24972.0615637059	3216.40677546574	0	0	0	0	0	0	0	0	0	72.6994127285571	41.2851488007877	5.96987633503724	9609.65212624699	13221.3275653923	10213.8480792465	0	0	0	0	0	0	0	0	0	0.0368759462437861	0.0242251843089949	0.00492427320535762
23	103203.526210884	43447.9914549984	-5037.37875042624	0	0	0	0	0	0	0	0	0	646.995057500736	360.185550689337	49.1983880489456	46102.876984498	24972.0181062007	3216.39000819578	0	0	0	0	0	0	0	0	0	65.765002030849	36.7298171972512	5.06842289927434	9609.71574354331	13221.3753833758	10213.8606284335	0	0	0	0	0	0	0	0	0	0.0225973396419481	0.0146452224972623	0.00287299153803328
24	103259.058574681	43477.6349770669	-5033.95740572817	0	0	0	0	0	0	0	0	0	591.586362450585	330.598340180867	45.7656218194694	46102.9259163916	24972.0727861887	3216.42324758458	0	0	0	0	0	0	0	0	0	60.1163853204367	33.7054041059354	4.71426765327192	9609.66706796388	13221.3405718867	10213.8522882326	0	0	0	0	0	0	0	0	0	0.0203558464613509	0.0133040872718814	0.00267251713015557
25	103077.17976136	43367.3132079997	-5052.70131105893	0	0	0	0	0	0	0	0	0	774.355069491227	441.485758803524	64.6260370753553	46102.856897746	24972.0152546151	3216.39752248175	0	0	0	0	0	0	0	0	0	80.8491995154303	46.444819459487	6.9538780533278	9609.62161975232	13221.3097395145	10213.8457732076	0	0	0	0	0	0	0	0	0	0.0709818827762792	0.047603332725362	0.0101726624054575
26	103158.966665767	43398.6437745524	-5054.19259711573	0	0	0	0	0	0	0	0	0	692.339933335015	410.090996883941	66.1333759836482	46102.7363562313	24971.9394236176	3216.38468995042	0	0	0	0	0	0	0	0	0	71.8995405964704	42.8119637149131	7.00340880293821	9609.6597656039	13221.3345749678	10213.8505286176	0	0	0	0	0	0	0	0	0	0.0287031973783067	0.0195457706003814	0.00432478939053999
27	103266.373793771	43471.4074250842	-5039.02584774011	0	0	0	0	0	0	0	0	0	584.254797568664	336.873491317258	50.868745480965	46102.9402631832	24972.0731169771	3216.41567072533	0	0	0	0	0	0	0	0	0	60.4100879906615	35.0349915355308	5.38105599497708	9609.64259425178	13221.3237159826	10213.848597993	0	0	0	0	0	0	0	0	0	0.0363707808526207	0.024653996694958	0.00540059196634558
28	103192.81037352	43419.7487008138	-5049.89795005759	0	0	0	0	0	0	0	0	0	658.193798028749	388.792924911812	61.7997752102235	46102.9692767026	24972.0901508533	3216.41430106171	0	0	0	0	0	0	0	0	0	68.6078419662213	40.7633152952372	6.58651154017141	9609.63473579695	13221.3171333856	10213.8464489999	0	0	0	0	0	0	0	0	0	0.0412274877967035	0.0278234625038941	0.0060260654385384
29	103175.293450896	43422.7104255	-5045.12400762582	0	0	0	0	0	0	0	0	0	675.896346223225	385.8918332104	57.0192503576245	46102.8411050898	24972.003426542	3216.39638791174	0	0	0	0	0	0	0	0	0	69.8958567893377	40.1376305441106	6.03146801845047	9609.63884743637	13221.3213194669	10213.8482856615	0	0	0	0	0	0	0	0	0	0.0459417182294659	0.0304772607980924	0.00635870757223392
30	103187.216365913	43441.5853107911	-5036.90309081384	0	0	0	0	0	0	0	0	0	663.316666144818	366.580639756997	48.7063674786954	46102.8893402602	24972.0426811688	3216.40788084702	0	0	0	0	0	0	0	0	0	68.0260212089524	37.7826681758514	5.10310780848759	9609.66980953194	13221.3414793169	10213.8520549361	0	0	0	0	0	0	0	0	0	0.0496931540967487	0.0324497424808339	0.00648848261283578
31	103084.995777669	43387.3119633218	-5043.101302053	0	0	0	0	0	0	0	0	0	766.264553519181	421.241907597537	54.9522513191076	46102.9864083298	24972.1028342967	3216.41612903068	0	0	0	0	0	0	0	0	0	78.1871299414274	43.1532389672868	5.70395943240014	9609.66144213663	13221.3368548745	10213.8514271885	0	0	0	0	0	0	0	0	0	0.0423662590188871	0.0271235044894246	0.00512787423544168
32	103151.721377143	43409.3165239224	-5046.52222302429	0	0	0	0	0	0	0	0	0	699.256817548432	399.155742289704	58.3955514031787	46102.9287854846	24972.0622287209	3216.40561975067	0	0	0	0	0	0	0	0	0	72.0321813483142	41.3361936504275	6.14439894619259	9609.61249618723	13221.3052877236	10213.8453654842	0	0	0	0	0	0	0	0	0	0.0371359400416499	0.0248146593146782	0.00524434989692843
33	103167.792612831	43432.5873248385	-5037.26032139401	0	0	0	0	0	0	0	0	0	683.083224147034	375.76540314014	49.0867285639308	46102.8769907712	24972.0330452368	3216.4054564773	0	0	0	0	0	0	0	0	0	70.3895103225945	38.9484391043539	5.1873130946794	9609.66611011895	13221.3399749967	10213.8520783371	0	0	0	0	0	0	0	0	0	0.0720538397685885	0.0465159274869233	0.00898214338776112
34	103110.492200837	43394.2820785584	-5045.53839111651	0	0	0	0	0	0	0	0	0	740.886961805995	414.383887886609	57.4246771656736	46102.8299752221	24972.0030978962	3216.39749770157	0	0	0	0	0	0	0	0	0	75.3164958419194	42.2661565105106	5.91942352853707	9609.64088704634	13221.323303937	10213.8490028678	0	0	0	0	0	0	0	0	0	0.01767475461637	0.011685360149978	0.0024056316417758
35	103105.058528216	43388.63925335	-5047.24136422426	0	0	0	0	0	0	0	0	0	746.321764844136	420.0542167111	59.1464380789509	46102.8563168327	24972.009186007	3216.39113638687	0	0	0	0	0	0	0	0	0	78.4357257874669	44.550125295851	6.45211627058458	9609.60187562579	13221.2964492283	10213.8429177558	0	0	0	0	0	0	0	0	0	0.111411937833389	0.0737338477079913	0.01520669009702
36	103214.646897499	43425.2461652518	-5051.6438469145	0	0	0	0	0	0	0	0	0	636.426876810427	383.379194175398	63.5808856275245	46102.842164249	24972.0029998131	3216.38894806947	0	0	0	0	0	0	0	0	0	66.1751211031537	40.049968897407	6.72794274920952	9609.59337278558	13221.292273917	10213.8429978209	0	0	0	0	0	0	0	0	0	0.0253733461734957	0.0172854040931246	0.00381956343359475
37	103116.731810684	43377.1474452338	-5055.35656698544	0	0	0	0	0	0	0	0	0	734.895124888827	431.756829027523	67.3132647464284	46102.8415276195	24972.0125775043	3216.39965133735	0	0	0	0	0	0	0	0	0	76.0805652765514	44.9231930594683	7.10622086859236	9609.5581126355	13221.2682003357	10213.8378691474	0	0	0	0	0	0	0	0	0	0.0305136220054128	0.0205211854372184	0.00439971751325894
38	103163.272669902	43390.7070166073	-5059.2525527607	0	0	0	0	0	0	0	0	0	687.676692457738	417.872889833212	71.2025416637457	46102.8043002389	24971.9636429823	3216.3702377349	0	0	0	0	0	0	0	0	0	72.7465575128134	44.474689358054	7.70077714313382	9609.68118111254	13221.34742922	10213.8520009745	0	0	0	0	0	0	0	0	0	0.0478454863736701	0.0326213718315576	0.00723523698402374
39	103129.595078353	43411.8002091023	-5039.58203285356	0	0	0	0	0	0	0	0	0	721.52709154158	396.686338099252	51.4245007182273	46102.8836638457	24972.0342782625	3216.4041521142	0	0	0	0	0	0	0	0	0	73.1988867952999	40.3635214590524	5.28539236788106	9609.66769553906	13221.3406840969	10213.8522616147	0	0	0	0	0	0	0	0	0	0.0250225770592677	0.0161930158705108	0.0031492645800827
40	103167.55137924	43412.8116829198	-5047.91157395649	0	0	0	0	0	0	0	0	0	683.852233130909	395.933040928434	59.8327626518186	46102.6879610518	24971.9148406321	3216.38251603328	0	0	0	0	0	0	0	0	0	70.2441249640605	40.8519880007178	6.25550433158685	9609.69141471887	13221.3558025192	10213.8550135324	0	0	0	0	0	0	0	0	0	0.023893584132956	0.0161319948246887	0.00349470692410603
41	103208.796789602	43445.0697714478	-5039.84218345414	0	0	0	0	0	0	0	0	0	642.418780983289	363.530387058629	51.7298302475101	46102.8657891791	24972.0186484818	3216.39671150156	0	0	0	0	0	0	0	0	0	66.5436987150009	37.9035629804239	5.50473621472634	9609.66261991731	13221.3365685436	10213.8510018865	0	0	0	0	0	0	0	0	0	0.0503027631145547	0.0335668863885793	0.00707380199212841
42	103178.594238659	43432.1416144348	-5039.47413934277	0	0	0	0	0	0	0	0	0	672.437026804672	376.334547311501	51.3327036440747	46102.7483207424	24971.9496734176	3216.38700419284	0	0	0	0	0	0	0	0	0	68.5024661298699	38.4818952379007	5.31396068863037	9609.66264587208	13221.338132107	10213.8520055212	0	0	0	0	0	0	0	0	0	0.0229132266637279	0.0151706948468489	0.00312391578852723
43	103210.95239999	43437.8184573648	-5044.48632234218	0	0	0	0	0	0	0	0	0	639.93546123667	370.62104291212	56.3603438537366	46102.8399157049	24972.008511123	3216.39865319273	0	0	0	0	0	0	0	0	0	65.5424128883962	38.1131064797232	5.86438945233412	9609.69319143647	13221.3560356892	10213.8546830673	0	0	0	0	0	0	0	0	0	0.0182832706450675	0.0123571798758407	0.00268592299059142
44	103255.971725393	43452.1737016421	-5047.00303795411	0	0	0	0	0	0	0	0	0	594.932159789883	356.335402445667	58.9133531769446	46102.8965442463	24972.0412397094	3216.40231860777	0	0	0	0	0	0	0	0	0	62.7655171407883	37.8552116912464	6.37688884379657	9609.6517359475	13221.3293907205	10213.8495593133	0	0	0	0	0	0	0	0	0	0.0524314434430485	0.0358067348465932	0.00797147647627678
45	103193.141133139	43445.9270110068	-5035.43853391858	0	0	0	0	0	0	0	0	0	657.878219098666	362.509663789059	47.27788086941	46102.8631360151	24972.0236566773	3216.40202063285	0	0	0	0	0	0	0	0	0	66.5761874236294	36.7773929847489	4.83703937582944	9609.64407399954	13221.3250675985	10213.8490843358	0	0	0	0	0	0	0	0	0	0.0182293498117671	0.0117534178460542	0.00226497911108756
46	103067.444281662	43373.2064897497	-5046.51535568969	0	0	0	0	0	0	0	0	0	783.955817245408	435.455554843547	58.3945693351114	46102.9364201708	24972.0652623752	3216.4052791932	0	0	0	0	0	0	0	0	0	79.8644109717856	44.5239354694242	6.04263815967687	9609.62320384144	13221.3103889057	10213.8455308007	0	0	0	0	0	0	0	0	0	0.0286575474096269	0.0186600304746964	0.00368364857447504
47	103211.558819417	43446.2664462245	-5039.69891064627	0	0	0	0	0	0	0	0	0	639.181998797562	362.061851769975	51.545363557438	46102.8887301852	24972.0349292597	3216.40121941909	0	0	0	0	0	0	0	0	0	65.9531329002491	37.580010677494	5.45004743054239	9609.6290471197	13221.3154721493	10213.8472379482	0	0	0	0	0	0	0	0	0	0.0445505488107957	0.0299328957797795	0.00640735475663007
48	103211.617351419	43443.7173981414	-5041.28650627257	0	0	0	0	0	0	0	0	0	639.224986872354	364.680737026836	53.1460269666327	46102.8701406782	24972.0270078954	3216.40411262853	0	0	0	0	0	0	0	0	0	66.7537410592409	38.3803113133201	5.72699283323054	9609.64670320384	13221.3239381923	10213.8475202908	0	0	0	0	0	0	0	0	0	0.0623046333539425	0.0419311323957797	0.00901450187977283
49	103212.457094816	43454.428531714	-5035.19391906747	0	0	0	0	0	0	0	0	0	638.588173208117	354.041102545079	47.0461550440257	46102.7456606881	24971.9470020556	3216.38597020211	0	0	0	0	0	0	0	0	0	64.6765023681625	35.955025830712	4.82144739411932	9609.66609709377	13221.3408863201	10213.8528003123	0	0	0	0	0	0	0	0	0	0.016624322927505	0.0108969629931565	0.00219245950040082
50	103167.646234062	43432.4636634862	-5037.19498479442	0	0	0	0	0	0	0	0	0	683.207525172817	375.879402091114	49.0229862823064	46102.8907351747	24972.0402206998	3216.40399177203	0	0	0	0	0	0	0	0	0	69.491667456507	38.3668042834972	5.06324002147449	9609.63851083711	13221.3208117621	10213.8480241597	0	0	0	0	0	0	0	0	0	0.0274083648326715	0.0177703914378882	0.00347287119157769
51	103187.275122053	43434.5745326899	-5041.22036903922	0	0	0	0	0	0	0	0	0	663.467679100659	373.738583828144	53.0583388331124	46102.8900629189	24972.039887371	3216.40615694607	0	0	0	0	0	0	0	0	0	67.887143635133	38.4148899701313	5.53030172536817	9609.67759303913	13221.3457814609	10213.8524613747	0	0	0	0	0	0	0	0	0	0.0265220016519765	0.0177436866065538	0.00377019590796655
52	103148.128027159	43414.1465681554	-5042.83098911656	0	0	0	0	0	0	0	0	0	703.076604165807	394.428201530325	54.7052911120385	46102.854603213	24972.0156715541	3216.39939989328	0	0	0	0	0	0	0	0	0	72.0440817135175	40.6068617937894	5.71628269581228	9609.64415249926	13221.3241890595	10213.8484995518	0	0	0	0	0	0	0	0	0	0.0352932977892514	0.0232033756742291	0.00470077153574793
53	103165.506836301	43415.927588856	-5046.43531834315	0	0	0	0	0	0	0	0	0	685.636728385254	392.652759821957	58.3294174533582	46102.8199371736	24971.9936090044	3216.3948807556	0	0	0	0	0	0	0	0	0	70.5824169352353	40.6261446096675	6.12513522495076	9609.60933834066	13221.3015345447	10213.8442292265	0	0	0	0	0	0	0	0	0	0.034046139256486	0.0228645214402719	0.00490782512474905
54	103154.104185007	43418.0583043814	-5042.51313441007	0	0	0	0	0	0	0	0	0	697.196282556945	390.563525022189	54.3956310005486	46102.9044918289	24972.0422007632	3216.40009720623	0	0	0	0	0	0	0	0	0	70.6547007881378	39.6901388287399	5.57607359820661	9609.68060410662	13221.348095568	10213.853254925	0	0	0	0	0	0	0	0	0	0.0124348108633971	0.00817443316312487	0.00166542591884379
55	103186.018379646	43411.6463285444	-5052.50914190677	0	0	0	0	0	0	0	0	0	665.415147669122	397.180304471035	64.4683754946448	46102.735293867	24971.9414683311	3216.38568696196	0	0	0	0	0	0	0	0	0	70.057649755812	42.09840166301	6.96302553985589	9609.63288727586	13221.3161827792	10213.8464138703	0	0	0	0	0	0	0	0	0	0.0515204055536952	0.0349925267143718	0.00767947433363998
56	103198.725402134	43424.097626755	-5048.02477116739	0	0	0	0	0	0	0	0	0	652.539548060636	384.605354888634	59.9528804092985	46102.7727742632	24971.9612705651	3216.38709842445	0	0	0	0	0	0	0	0	0	68.4199969454604	40.5955947411779	6.45347484179195	9609.65462428373	13221.3316441907	10213.8499774651	0	0	0	0	0	0	0	0	0	0.0624475619573241	0.0419124794211038	0.00891912900856121
57	103202.663412872	43432.3948864811	-5045.18489503827	0	0	0	0	0	0	0	0	0	648.356025213173	376.13115640866	57.0755268939514	46102.8773135828	24972.0280199432	3216.3999809272	0	0	0	0	0	0	0	0	0	67.41369634833	39.3477225589971	6.07800422482961	9609.63783291488	13221.3204267333	10213.8478780902	0	0	0	0	0	0	0	0	0	0.0519863503876297	0.0345482239764998	0.00719640602785161
58	103135.242426983	43410.6165611653	-5042.02220313592	0	0	0	0	0	0	0	0	0	715.705263338311	397.783565109244	53.8594547258739	46102.9447611816	24972.0781334517	3216.41394345837	0	0	0	0	0	0	0	0	0	72.7860045911489	40.5946958173729	5.55886019078299	9609.66971486979	13221.3416750669	10213.8521275902	0	0	0	0	0	0	0	0	0	0.0228033384911794	0.0149946329634264	0.00304310735630801
59	103067.128752373	43360.1122422571	-5054.72227575177	0	0	0	0	0	0	0	0	0	784.744293200172	448.900440057427	66.6884966727887	46102.8011952477	24971.9757966422	3216.38891288181	0	0	0	0	0	0	0	0	0	82.8261647748137	47.8268373885622	7.30280947119889	9609.5957870255	13221.2917199651	10213.841713322	0	0	0	0	0	0	0	0	0	0.0869097274204549	0.0586765950297864	0.0127438158754583
60	103182.464693849	43442.8598266812	-5035.09751022104	0	0	0	0	0	0	0	0	0	667.998018335624	365.245983287433	46.8865663905559	46103.0702619843	24972.148937019	3216.42188584484	0	0	0	0	0	0	0	0	0	67.4528098555255	36.9604390292034	4.77913945719153	9609.66690240409	13221.3392295322	10213.8512590146	0	0	0	0	0	0	0	0	0	0.0149483805453871	0.0096286451359667	0.00185066729648222
61	103253.67587858	43451.6520300721	-5045.69501854368	0	0	0	0	0	0	0	0	0	597.103331489231	356.773920194426	57.576454858407	46102.987623015	24972.105356912	3216.42412449028	0	0	0	0	0	0	0	0	0	62.2047554599522	37.3677520378755	6.12455680710322	9609.548724455	13221.2600879145	10213.835207064	0	0	0	0	0	0	0	0	0	0.0354174625854829	0.0241191310831288	0.00531612893414538
62	103081.900471732	43373.8449448985	-5049.29700556422	0	0	0	0	0	0	0	0	0	769.526395242804	434.865014179401	61.1923399930165	46102.8455662369	24972.0096175072	3216.3983039733	0	0	0	0	0	0	0	0	0	79.2248365609739	45.0090754743439	6.44075549840828	9609.67323754151	13221.3453936529	10213.8537652349	0	0	0	0	0	0	0	0	0	0.0442865160883724	0.0293720948902887	0.00609068855665031
63	103136.541736487	43402.9679413843	-5045.98106838752	0	0	0	0	0	0	0	0	0	714.486419050462	405.520013283188	57.8459163425548	46102.9314585466	24972.0635765861	3216.40910803686	0	0	0	0	0	0	0	0	0	74.2111342243449	42.4002163199301	6.17381406242348	9609.67037534399	13221.3426463495	10213.852811002	0	0	0	0	0	0	0	0	0	0.0658881444245454	0.043430088738738	0.00885149162930953
64	103119.326636379	43400.0509870334	-5043.68008799128	0	0	0	0	0	0	0	0	0	731.999296978615	408.579740407827	55.5531951913547	46102.8710935527	24972.0268225866	3216.40448607388	0	0	0	0	0	0	0	0	0	74.8599110937266	41.9674114914411	5.7879394635714	9609.6478839919	13221.3275995493	10213.84966626	0	0	0	0	0	0	0	0	0	0.0371364094890155	0.0244857614899549	0.00500586365404827
65	103100.65291014	43385.3321802526	-5047.63853295088	0	0	0	0	0	0	0	0	0	750.868685043302	423.436848700102	59.5450723547544	46102.6530825873	24971.8916222812	3216.37910166088	0	0	0	0	0	0	0	0	0	76.9369452851932	43.5911226020175	6.22168369768838	9609.68356102359	13221.3509780065	10213.8540528445	0	0	0	0	0	0	0	0	0	0.0299982433678164	0.0200898602213841	0.00426682228794853
66	103181.603469883	43424.9786164862	-5045.00931180132	0	0	0	0	0	0	0	0	0	669.39929007803	383.512563088842	56.8857524722914	46102.7760202868	24971.9659051194	3216.39000501419	0	0	0	0	0	0	0	0	0	68.4909949526212	39.3964443451366	5.91214417252221	9609.68064063798	13221.3512551824	10213.855346082	0	0	0	0	0	0	0	0	0	0.0216415327434637	0.0143256833482859	0.00296753885631658
67	103157.384193016	43427.8252067543	-5037.53299911832	0	0	0	0	0	0	0	0	0	693.483935908599	380.520582760218	49.3591113942305	46102.8945444846	24972.0416853059	3216.40465663115	0	0	0	0	0	0	0	0	0	70.6726586595642	38.9277555897716	5.11484939393776	9609.64351252246	13221.3245987283	10213.8489338728	0	0	0	0	0	0	0	0	0	0.0366964074208437	0.0237190941193858	0.00460278670371153
68	103166.052752831	43405.5611488818	-5050.99192073964	0	0	0	0	0	0	0	0	0	684.88264009052	402.948284102307	62.9012189524123	46102.8002596039	24971.9652174897	3216.37316421359	0	0	0	0	0	0	0	0	0	70.7535477097	41.8219510802142	6.61732663486548	9609.69090343973	13221.3580543771	10213.8562429766	0	0	0	0	0	0	0	0	0	0.0288171367164147	0.0193161861332555	0.0041063087924455
69	103135.497066236	43405.6132396146	-5044.48066620239	0	0	0	0	0	0	0	0	0	715.677200981435	402.958431841246	56.3609130819192	46102.8646399964	24972.0179283309	3216.39735898323	0	0	0	0	0	0	0	0	0	74.2199584465347	42.0759989485416	6.0141154401711	9609.60152906089	13221.2968161276	10213.8435386267	0	0	0	0	0	0	0	0	0	0.061801243315818	0.0412520858038195	0.00869746619004147
70	103193.690632332	43417.9246832547	-5050.70284657308	0	0	0	0	0	0	0	0	0	657.676760979281	390.848942974211	62.6467752392076	46102.8613527152	24972.0190837171	3216.39954956326	0	0	0	0	0	0	0	0	0	69.6868314659926	41.7363755536594	6.83887745313668	9609.666999195	13221.3406914873	10213.85236788	0	0	0	0	0	0	0	0	0	0.0704686697791523	0.0477421111602461	0.0104145455805842
71	103161.318430275	43423.0336629452	-5041.18455104082	0	0	0	0	0	0	0	0	0	689.536680346659	385.327808173622	53.0202479801784	46102.9012995045	24972.0474768696	3216.40879068853	0	0	0	0	0	0	0	0	0	69.960467932678	39.2116551726328	5.44700215411088	9609.68355081171	13221.3501400213	10213.8536063248	0	0	0	0	0	0	0	0	0	0.0164679349230201	0.0108738514495863	0.00223274965950848
72	103109.561831272	43397.6400234929	-5043.23876899144	0	0	0	0	0	0	0	0	0	741.330717268211	410.732571664344	55.0760146465191	46102.8944512206	24972.0447009673	3216.40548184694	0	0	0	0	0	0	0	0	0	76.2682430949221	42.4951087393059	5.80414314187236	9609.67643128745	13221.3429998854	10213.8509067254	0	0	0	0	0	0	0	0	0	0.056252666519758	0.0370471125814989	0.00756285755843682
73	103158.961259339	43398.7525261785	-5054.37090117993	0	0	0	0	0	0	0	0	0	692.34049160156	409.977733307444	66.311625088129	46102.9341865071	24972.0637195257	3216.40781866154	0	0	0	0	0	0	0	0	0	73.3244905150394	43.769839225936	7.23473297370687	9609.65137792935	13221.3286009392	10213.8486021701	0	0	0	0	0	0	0	0	0	0.0630120454270537	0.042842276536634	0.00944760936278326
74	103201.599900502	43446.6875120667	-5037.30994825517	0	0	0	0	0	0	0	0	0	649.639206442948	361.892376660045	49.1798759470933	46102.8330819642	24972.0013643908	3216.39568637205	0	0	0	0	0	0	0	0	0	65.8218787782841	36.7684929179389	5.04157637419791	9609.67136663523	13221.3425273017	10213.8524300126	0	0	0	0	0	0	0	0	0	0.0159381276425126	0.0104460018306047	0.00210840437700513
75	103096.726761341	43375.1006730859	-5053.13016597348	0	0	0	0	0	0	0	0	0	754.900047309677	433.77211022997	65.0744742673659	46102.8311357468	24971.996343121	3216.39431457832	0	0	0	0	0	0	0	0	0	79.3704702918071	46.0001282260201	7.07535156817375	9609.61576738934	13221.3053553058	10213.8443335085	0	0	0	0	0	0	0	0	0	0.0773945415274475	0.0523727632616835	0.0114329545771564
76	103191.760723877	43411.4945855798	-5054.64556966269	0	0	0	0	0	0	0	0	0	659.695360332071	397.366033391608	66.621200529097	46102.8448370836	24972.0047330589	3216.39532698004	0	0	0	0	0	0	0	0	0	70.8117229644942	43.018675474419	7.37743197275812	9609.61845346845	13221.3076283833	10213.8455420272	0	0	0	0	0	0	0	0	0	0.0819140539615125	0.0558756476768742	0.0124070496380443
77	103125.35745794	43407.5836827923	-5041.17036057826	0	0	0	0	0	0	0	0	0	725.878815729604	400.974036784922	53.0266310956897	46102.8557940199	24972.0178813789	3216.40133543351	0	0	0	0	0	0	0	0	0	73.6751849937769	40.824540737738	5.45471008943059	9609.6974386046	13221.3597881749	10213.855832053	0	0	0	0	0	0	0	0	0	0.021682992572418	0.0140994623044597	0.00277723609349251
78	103200.894200811	43438.8919121911	-5041.81330677422	0	0	0	0	0	0	0	0	0	650.116678346093	369.60092891047	53.6895236822042	46102.8394869457	24972.0061965522	3216.39749129335	0	0	0	0	0	0	0	0	0	67.5129695999909	38.6506179843117	5.73422294290042	9609.60508680373	13221.2987272521	10213.8435183195	0	0	0	0	0	0	0	0	0	0.0494379064149149	0.0332623865801336	0.00715484891998867
79	103191.040497074	43435.1643117914	-5040.90745031937	0	0	0	0	0	0	0	0	0	660.064431691428	373.37615000343	52.7846695281351	46102.6725471853	24971.9026423921	3216.37951588772	0	0	0	0	0	0	0	0	0	68.2103692224967	38.8234494545564	5.5967191311497	9609.68317681867	13221.3503242325	10213.8538193215	0	0	0	0	0	0	0	0	0	0.046620755581539	0.0311995549550116	0.00660437604309637
80	103200.488044965	43444.9441272502	-5038.05513727877	0	0	0	0	0	0	0	0	0	650.454131273319	363.46967220303	49.9012668702882	46102.8879787045	24972.0411462601	3216.40620496708	0	0	0	0	0	0	0	0	0	66.4998164479341	37.3244646931582	5.19763829534177	9609.65022170998	13221.3281846207	10213.8493025727	0	0	0	0	0	0	0	0	0	0.0309486913887361	0.0204321685948939	0.00419601993636533
81	103134.152177849	43413.7323905787	-5039.95034143035	0	0	0	0	0	0	0	0	0	716.742627316427	394.633072930822	51.7824483100151	46102.8614897251	24972.0199595293	3216.39932771466	0	0	0	0	0	0	0	0	0	72.4689373157771	39.9969811821801	5.29100404519183	9609.68554589152	13221.3508799947	10213.8533794442	0	0	0	0	0	0	0	0	0	0.0139422414675277	0.00915977347211819	0.00185819625452225
82	103202.551678255	43436.1967147748	-5043.56738130257	0	0	0	0	0	0	0	0	0	648.065703918326	372.071201087935	55.4106824481092	46102.9884284262	24972.0980460202	3216.41320181629	0	0	0	0	0	0	0	0	0	65.8858238138661	37.9379469454373	5.69867896416402	9609.65740233996	13221.3316881341	10213.8490608667	0	0	0	0	0	0	0	0	0	0.00990266205107247	0.00659524084801927	0.00138554053487398
83	103230.760803049	43455.4990930798	-5038.12055861744	0	0	0	0	0	0	0	0	0	620.290211353342	353.010990610288	49.987636164073	46102.8488030731	24972.0144813801	3216.40216737805	0	0	0	0	0	0	0	0	0	63.486219860001	36.2802491864889	5.20579322617083	9609.61336151326	13221.3056329902	10213.8457660832	0	0	0	0	0	0	0	0	0	0.030258110360355	0.01984478048422	0.00397962837655284
84	103176.830846643	43424.6054743242	-5043.97413511756	0	0	0	0	0	0	0	0	0	674.183308414961	383.879646474436	55.8329706829318	46102.8220397494	24972.0062667341	3216.41357769292	0	0	0	0	0	0	0	0	0	69.3148233618095	39.6675031169855	5.85806563666024	9609.63452740081	13221.3162770695	10213.8458359892	0	0	0	0	0	0	0	0	0	0.0326067073169598	0.0217739307408456	0.00459615768698822
85	103117.655692966	43385.7530228789	-5051.78878944312	0	0	0	0	0	0	0	0	0	733.672851244641	422.946906812792	63.7080971821366	46102.8674244628	24972.0201126553	3216.3960111529	0	0	0	0	0	0	0	0	0	75.787927361617	43.9295190913163	6.72316395749889	9609.61266246015	13221.3028191798	10213.8440212295	0	0	0	0	0	0	0	0	0	0.035166866138284	0.0237127482776517	0.00513021805201679
86	103079.970068031	43367.7909760778	-5053.09815260348	0	0	0	0	0	0	0	0	0	771.43524227189	440.934493927075	65.0111931043439	46102.8342526275	24972.0031435398	3216.39794589883	0	0	0	0	0	0	0	0	0	80.810995303074	46.5580411363321	7.02752231296726	9609.65721667253	13221.331269313	10213.8489402477	0	0	0	0	0	0	0	0	0	0.0789415272251869	0.0528752431703739	0.0112654931917983
87	103145.556426948	43425.2347557912	-5035.84911163929	0	0	0	0	0	0	0	0	0	705.263979701853	383.06985937519	47.6647857186424	46102.9228644207	24972.0514827043	3216.40063669241	0	0	0	0	0	0	0	0	0	71.3822835856643	38.8649634909312	4.87600937912668	9609.66842429235	13221.3425986774	10213.8533299153	0	0	0	0	0	0	0	0	0	0.0287021793734996	0.0181455757560253	0.00330811254667678
88	103078.552910942	43371.5490642912	-5050.09166860905	0	0	0	0	0	0	0	0	0	772.738895489444	437.089399574421	61.9831723143193	46102.9169762649	24972.0544955338	3216.40361419117	0	0	0	0	0	0	0	0	0	79.8466129538225	45.4382323387734	6.56685564783233	9609.61057160114	13221.3036761928	10213.8450429859	0	0	0	0	0	0	0	0	0	0.0540050013149396	0.0361914857093687	0.00770456344314275
89	103142.901597825	43414.3741089424	-5041.40072638174	0	0	0	0	0	0	0	0	0	708.130615597717	394.083681197351	53.250228349169	46102.9002407269	24972.0489914696	3216.407262681	0	0	0	0	0	0	0	0	0	72.9846483067309	40.8542627424889	5.62584224413275	9609.65451847235	13221.3311932344	10213.849707638	0	0	0	0	0	0	0	0	0	0.0570676028636694	0.0374072157229763	0.00752062911949722
90	103271.191918127	43460.4878299062	-5046.03319167693	0	0	0	0	0	0	0	0	0	579.344440736457	347.802664546851	57.9074835663635	46102.8894285724	24972.034892823	3216.40136748309	0	0	0	0	0	0	0	0	0	60.702720699668	36.6538730534294	6.19735713344332	9609.65194175933	13221.3294468354	10213.8495685625	0	0	0	0	0	0	0	0	0	0.0409544236892326	0.0278849739892048	0.00617362491219166
91	103256.222792042	43459.6889109269	-5042.65478856138	0	0	0	0	0	0	0	0	0	594.775846000473	348.845580776376	54.5556784541313	46102.8012495785	24971.9804471697	3216.39091221227	0	0	0	0	0	0	0	0	0	61.6432233419343	36.35143951773	5.77359678361437	9609.67091831204	13221.3410620341	10213.8515099922	0	0	0	0	0	0	0	0	0	0.0330292722572275	0.0222795481219434	0.00482029726438158
92	103203.698634791	43444.3289729958	-5039.58849635604	0	0	0	0	0	0	0	0	0	647.550054011221	364.28182603974	51.4781346330894	46102.8937291435	24972.035078557	3216.39815508717	0	0	0	0	0	0	0	0	0	67.2534171305973	38.1034701157978	5.50303170055169	9609.61429447228	13221.304250646	10213.8443845114	0	0	0	0	0	0	0	0	0	0.0640863751164553	0.0421798075697237	0.00859135554088961
93	103123.591187832	43397.7718408872	-5046.81142929378	0	0	0	0	0	0	0	0	0	727.939559046106	411.01155718791	58.7294538407659	46102.793506993	24971.9729225183	3216.38920112198	0	0	0	0	0	0	0	0	0	76.6973904744352	43.7239898522115	6.43301317796494	9609.63177935179	13221.3162015289	10213.8467546665	0	0	0	0	0	0	0	0	0	0.102548261043176	0.0683879560247036	0.0143987031692213
94	103139.998991469	43406.5018368316	-5044.83122144332	0	0	0	0	0	0	0	0	0	711.002558434452	401.96485619474	56.6910000137445	46102.8623973594	24972.0212171382	3216.40136881002	0	0	0	0	0	0	0	0	0	73.0945903774548	41.5369431464855	5.95414555861235	9609.68684958434	13221.3535473646	10213.8549986579	0	0	0	0	0	0	0	0	0	0.041829392083144	0.0278675535128991	0.00583854612172669
95	103202.260521477	43439.8992173427	-5041.25204497381	0	0	0	0	0	0	0	0	0	648.34563156886	368.348387005133	53.0835460565102	46102.8359882856	24972.0048518157	3216.3994311864	0	0	0	0	0	0	0	0	0	65.9307876212993	37.5757286436443	5.46748071751904	9609.6800034209	13221.3470792847	10213.8527363377	0	0	0	0	0	0	0	0	0	0.0149586213109725	0.00992359632907535	0.00206390803942768
96	103184.500727424	43419.656966514	-5047.79557494682	0	0	0	0	0	0	0	0	0	666.704295185864	388.985513154048	59.7062258651398	46102.840786011	24972.0083902943	3216.3984460205	0	0	0	0	0	0	0	0	0	69.7661604693776	40.9906638682251	6.42208597618132	9609.67177671944	13221.3407796359	10213.850940415	0	0	0	0	0	0	0	0	0	0.0571313438023224	0.0385543719160062	0.00832195745327658
97	103098.75748841	43376.1580126045	-5051.81370516922	0	0	0	0	0	0	0	0	0	752.34167995339	432.398425559711	63.7029411500854	46102.8891112496	24972.035079815	3216.40029346007	0	0	0	0	0	0	0	0	0	78.3145104965093	45.308770227974	6.81036583257103	9609.66920734998	13221.3388166251	10213.850440105	0	0	0	0	0	0	0	0	0	0.061381509049684	0.0410005328791024	0.00864915569831484
98	103071.221185114	43352.8927128671	-5058.500732853	0	0	0	0	0	0	0	0	0	780.600148688374	456.119801843541	70.472278511653	46102.8247397693	24971.9963540829	3216.39603309507	0	0	0	0	0	0	0	0	0	81.7422475059574	48.0980833591607	7.58276661241301	9609.63600976047	13221.3187094464	10213.8474755384	0	0	0	0	0	0	0	0	0	0.0586615978062392	0.0396153096466772	0.00857463193470201
99	103148.585315522	43419.8677921952	-5039.94000546411	0	0	0	0	0	0	0	0	0	702.327978488549	388.523841681831	51.7814278674811	46102.8252534164	24971.9947777011	3216.39387837722	0	0	0	0	0	0	0	0	0	72.7394441893539	40.5133061847293	5.52037047535316	9609.66373075909	13221.3407966344	10213.8534840413	0	0	0	0	0	0	0	0	0	0.0832701727669106	0.0542864991245384	0.0107767972475327
100	103208.656357456	43448.1410612249	-5038.42949340878	0	0	0	0	0	0	0	0	0	642.213060395282	360.243426699423	50.2791926054031	46102.8316218567	24972.0057220047	3216.3977818162	0	0	0	0	0	0	0	0	0	65.4487070372083	36.8468082855458	5.20127387372652	9609.62251888625	13221.3095246996	10213.8453821348	0	0	0	0	0	0	0	0	0	0.0238021362382127	0.015492709458763	0.00306913889745169
101	103156.1344822	43431.37158073	-5035.51453966278	0	0	0	0	0	0	0	0	0	694.580934578957	376.857082987743	47.3129724590582	46103.0006240751	24972.1094717289	3216.41676746963	0	0	0	0	0	0	0	0	0	70.2737578690885	38.2214720211391	4.83862107177679	9609.68889412209	13221.3557485495	10213.8555590387	0	0	0	0	0	0	0	0	0	0.0231320134683929	0.0147001875988252	0.00272755937931439
102	103168.54350457	43416.6828627956	-5046.13668922422	0	0	0	0	0	0	0	0	0	682.565871156484	391.881155070786	58.0333508356587	46102.9138052138	24972.0483483645	3216.39808706775	0	0	0	0	0	0	0	0	0	70.2926912411156	40.5627771083801	6.09904796552293	9609.63695592921	13221.3171976003	10213.8457385416	0	0	0	0	0	0	0	0	0	0.0345124391507848	0.0231960662641405	0.00497540274143013
103	103139.95717372	43412.2759160709	-5041.92393053266	0	0	0	0	0	0	0	0	0	711.257617348022	396.292657998907	53.7951870339811	46102.9015165493	24972.0453224944	3216.40209228887	0	0	0	0	0	0	0	0	0	73.0353176973021	40.9053667743175	5.647205060846	9609.62004072005	13221.3081065726	10213.8450392154	0	0	0	0	0	0	0	0	0	0.049453615460723	0.0325068249259823	0.00657789455726705
104	103187.43528292	43421.4889581153	-5047.30054852878	0	0	0	0	0	0	0	0	0	663.689358135039	387.108728483433	59.204189798995	46102.7201400192	24971.9340616407	3216.38541248031	0	0	0	0	0	0	0	0	0	69.3787656554182	40.7473296668532	6.36089071741417	9609.67213476924	13221.3431562031	10213.8525169299	0	0	0	0	0	0	0	0	0	0.0514649507181637	0.0348274390566102	0.0075720828100111
105	103165.185350548	43408.4799729845	-5050.4985266294	0	0	0	0	0	0	0	0	0	685.970950670818	400.13943988923	62.4127752721055	46102.7859218953	24971.9680036782	3216.38776063965	0	0	0	0	0	0	0	0	0	70.7569939049623	41.4739514458168	6.55650108386188	9609.66601600401	13221.3386884251	10213.8513113135	0	0	0	0	0	0	0	0	0	0.0251483074750384	0.0169737164032932	0.00368342061942024
106	103071.777644062	43381.1323874565	-5043.82157257654	0	0	0	0	0	0	0	0	0	779.43476238069	427.406690955831	55.6748996379056	46102.828236336	24972.000827767	3216.39841642037	0	0	0	0	0	0	0	0	0	79.6423544934778	43.8594921021503	5.79472621200748	9609.64828313234	13221.3277907383	10213.8495483465	0	0	0	0	0	0	0	0	0	0.0489693119048627	0.0316245321749174	0.00613729529040332
107	103164.257008367	43407.1506945387	-5050.35253989369	0	0	0	0	0	0	0	0	0	686.861230060555	401.445341229303	62.2588843742735	46102.8816439809	24972.0333264829	3216.40290759279	0	0	0	0	0	0	0	0	0	72.3840801305751	42.6355271189662	6.76024070537885	9609.66082347853	13221.3341831584	10213.8498838456	0	0	0	0	0	0	0	0	0	0.0771750186648423	0.051646399357212	0.0109550482302375
108	103207.308574578	43439.8365180217	-5042.80304294007	0	0	0	0	0	0	0	0	0	643.414459396229	368.493003569101	54.6551002361085	46102.8408621956	24972.0080375632	3216.39863284365	0	0	0	0	0	0	0	0	0	65.6375523502478	37.7283088102378	5.65628040647686	9609.67456810688	13221.3440291146	10213.8523058464	0	0	0	0	0	0	0	0	0	0.0157679463797294	0.0106417714069554	0.00230848496734085
109	103192.268643985	43451.5600315972	-5032.35778601809	0	0	0	0	0	0	0	0	0	658.347604032487	356.627797605358	44.1508044498973	46102.8393772197	24972.012078507	3216.40460738785	0	0	0	0	0	0	0	0	0	66.8826240654023	36.3527989580444	4.55406151159279	9609.65583021014	13221.3335324685	10213.8511245875	0	0	0	0	0	0	0	0	0	0.0341821460169793	0.0220141148537977	0.00421807011265345
110	103084.002128768	43369.9124854685	-5053.06508154996	0	0	0	0	0	0	0	0	0	767.922444320803	439.119506557513	65.0326523710889	46102.8482016574	24972.0080562532	3216.39244624876	0	0	0	0	0	0	0	0	0	80.4117068413727	46.3536636609457	7.02937435742154	9609.64360497433	13221.3226814498	10213.8474485555	0	0	0	0	0	0	0	0	0	0.0728099645789597	0.0490569726101272	0.0106080717220118
111	103132.316407818	43391.0710767366	-5051.85606420299	0	0	0	0	0	0	0	0	0	719.158120382842	417.711328676326	63.7781805709976	46102.8207129078	24972.0045817693	3216.40533066139	0	0	0	0	0	0	0	0	0	73.9546221723199	43.1479019593561	6.67379224540882	9609.67421036062	13221.34308689	10213.8518557791	0	0	0	0	0	0	0	0	0	0.0234141978302688	0.0156893392518137	0.00334081025077617
112	103228.678900713	43462.7820576273	-5034.57810427522	0	0	0	0	0	0	0	0	0	622.232214525942	345.627232584839	46.4409973492765	46102.8222898692	24971.9764796848	3216.37380510321	0	0	0	0	0	0	0	0	0	63.2603528317575	35.2577209034364	4.79005430676013	9609.69634911689	13221.357990079	10213.8543228482	0	0	0	0	0	0	0	0	0	0.0247634689583602	0.0160740310384359	0.00315499653803742
113	103230.60537841	43453.6686467566	-5040.33645571894	0	0	0	0	0	0	0	0	0	620.15305224389	354.684849886361	52.19232690976	46102.7087114196	24971.9281955837	3216.38569413643	0	0	0	0	0	0	0	0	0	63.6733962420599	36.5916875767476	5.46262000256354	9609.66072292749	13221.3354230352	10213.8507283041	0	0	0	0	0	0	0	0	0	0.0277645347302377	0.0186770889498814	0.00401474832653877
114	103162.164739203	43427.4409391475	-5039.10696212703	0	0	0	0	0	0	0	0	0	688.778387295539	380.975617524211	50.9602062329369	46102.8742207287	24972.0224282421	3216.39444623574	0	0	0	0	0	0	0	0	0	70.730106168337	39.3310457423377	5.35296069750711	9609.59180736211	13221.2891002181	10213.8413016367	0	0	0	0	0	0	0	0	0	0.0481340717495555	0.0315003303695189	0.00631509017075849
115	103179.850696838	43428.4596723124	-5041.90229258745	0	0	0	0	0	0	0	0	0	671.452702374986	380.194293630943	53.7955203909967	46102.7078422525	24971.9255311817	3216.38407986558	0	0	0	0	0	0	0	0	0	69.3388775781589	39.4881571869874	5.6888883472615	9609.65692463175	13221.3326097637	10213.8499976853	0	0	0	0	0	0	0	0	0	0.0529080640305498	0.0346332354044378	0.00694271200298889
116	103253.900704121	43464.2501287688	-5039.84256471117	0	0	0	0	0	0	0	0	0	596.714499165062	344.0399632668	51.7035012460476	46102.8653840375	24972.0143766257	3216.39008801816	0	0	0	0	0	0	0	0	0	61.641435911015	35.7309723555824	5.45449229687805	9609.61841271926	13221.3058471409	10213.8441507454	0	0	0	0	0	0	0	0	0	0.0409453802755553	0.0271899808031383	0.0056626976590851
117	103223.435262993	43461.4623469583	-5034.05769149808	0	0	0	0	0	0	0	0	0	626.991810626339	346.657964929069	45.862387737289	46102.832092164	24971.996990282	3216.39287541933	0	0	0	0	0	0	0	0	0	63.7062164851433	35.3388257597931	4.7269496236216	9609.6655686131	13221.338541976	10213.8516069732	0	0	0	0	0	0	0	0	0	0.0231576704940126	0.0151485806795818	0.0030361365961059
118	103210.830791189	43451.8835115727	-5036.4446806571	0	0	0	0	0	0	0	0	0	639.982411715775	356.464652880939	48.2869135725339	46102.8482559162	24972.0073763787	3216.3931859363	0	0	0	0	0	0	0	0	0	64.8422705711891	36.2172879900417	4.9509351088577	9609.64122202662	13221.3224747776	10213.8484483632	0	0	0	0	0	0	0	0	0	0.0152989064270585	0.0100486792295212	0.00203009918260932
119	103217.654101855	43456.6443654676	-5035.31968269018	0	0	0	0	0	0	0	0	0	633.105640229919	351.652906104691	47.1390923727781	46102.8299880984	24972.010198389	3216.40622350712	0	0	0	0	0	0	0	0	0	64.4804782802682	35.9497996866429	4.87910016687938	9609.6768556109	13221.345920268	10213.8530294981	0	0	0	0	0	0	0	0	0	0.0257111279355811	0.0168445922804787	0.00338235741950945
120	103231.694269096	43462.055166945	-5035.99554271622	0	0	0	0	0	0	0	0	0	619.28793631347	346.385036922315	47.8462108899042	46102.7547183711	24971.9635868379	3216.39560437136	0	0	0	0	0	0	0	0	0	63.1112155452307	35.4325529847318	4.95265867601441	9609.63734601533	13221.3198158786	10213.8477921361	0	0	0	0	0	0	0	0	0	0.0238806360112296	0.0156082529717983	0.00312860816814067
121	103124.871488664	43405.8148632164	-5041.66877131484	0	0	0	0	0	0	0	0	0	726.20792959953	402.672938300762	53.5237679083798	46102.8434118943	24972.0082454731	3216.39686912385	0	0	0	0	0	0	0	0	0	75.773631034284	42.3573968944509	5.78304616116988	9609.64223884961	13221.324031466	10213.8488311217	0	0	0	0	0	0	0	0	0	0.108781599075385	0.071330649317849	0.014350515626054
122	103100.106170678	43389.7225635625	-5044.84655325751	0	0	0	0	0	0	0	0	0	751.116407664746	418.847395874866	56.7120152244572	46102.8764676427	24972.0294051214	3216.4027374039	0	0	0	0	0	0	0	0	0	76.7020374869765	42.9485183635216	5.89430850337684	9609.66508030178	13221.3380522184	10213.8512256162	0	0	0	0	0	0	0	0	0	0.0323213819276533	0.0212424577623923	0.00429343935238179
123	103144.651801648	43410.5534403423	-5044.64127937025	0	0	0	0	0	0	0	0	0	706.343335224928	397.903910185651	56.5024833617261	46102.9259845854	24972.0628045796	3216.40893800482	0	0	0	0	0	0	0	0	0	72.7891619930938	41.2302151697089	5.95330419755838	9609.67454548822	13221.3412316938	10213.8502458134	0	0	0	0	0	0	0	0	0	0.0514533890485858	0.033942083544774	0.00698150021840413
124	103198.319960283	43420.219954591	-5050.68061450713	0	0	0	0	0	0	0	0	0	652.905048680074	388.474728123364	62.6187053252843	46102.8677341489	24972.0190964826	3216.39457029987	0	0	0	0	0	0	0	0	0	69.2987199090956	41.5546201711049	6.84588860654754	9609.6469722736	13221.3270298386	10213.8494515582	0	0	0	0	0	0	0	0	0	0.0746372729113681	0.0501587254247079	0.0107171021374921
125	103137.906525883	43404.4648266189	-5045.89878623001	0	0	0	0	0	0	0	0	0	713.274243273707	404.112942129489	57.7834545114667	46102.9388686856	24972.0630420757	3216.40334642367	0	0	0	0	0	0	0	0	0	73.435967704513	41.8335297660525	6.08367160566145	9609.68813778742	13221.3533242995	10213.8542164689	0	0	0	0	0	0	0	0	0	0.0378701139904433	0.0253996520409582	0.00541963885781332
126	103101.615975213	43377.8271817089	-5052.45035655779	0	0	0	0	0	0	0	0	0	749.640125228818	430.815023181341	64.3482485875716	46102.8682949073	24972.0255124218	3216.4047605629	0	0	0	0	0	0	0	0	0	77.7630985341524	44.9675089242701	6.83960793599035	9609.65911745038	13221.3362642339	10213.8518356428	0	0	0	0	0	0	0	0	0	0.0495039761576451	0.0333120854394704	0.00717305657059899
127	103206.201418459	43440.5616794109	-5042.25780903835	0	0	0	0	0	0	0	0	0	644.747042597582	367.887502563636	54.1227023987714	46102.8860648662	24972.0364844495	3216.40554651065	0	0	0	0	0	0	0	0	0	65.8954700036606	37.7468000203917	5.61751822595554	9609.68596725436	13221.3519669203	10213.8540716318	0	0	0	0	0	0	0	0	0	0.0223868826891163	0.0148699067031073	0.00311084831034144
128	103161.560107456	43423.4874054347	-5041.5015305981	0	0	0	0	0	0	0	0	0	689.781295468445	385.163706168436	53.3920736367278	46102.8361261542	24972.0008034296	3216.39265933325	0	0	0	0	0	0	0	0	0	71.2777902172288	40.0459520463495	5.65781609696198	9609.62532445698	13221.3123656934	10213.8464280726	0	0	0	0	0	0	0	0	0	0.0640494856409141	0.0418855948063258	0.00842981144072927
129	103107.873285892	43387.6239253774	-5047.74399797958	0	0	0	0	0	0	0	0	0	743.160360917817	420.864936818511	59.6107680148707	46102.8949084564	24972.0403841478	3216.40219571354	0	0	0	0	0	0	0	0	0	75.934152496088	43.1738904354712	6.19183308742749	9609.65937473429	13221.3343212573	10213.8505189401	0	0	0	0	0	0	0	0	0	0.0267301645977321	0.017703863640651	0.00365682377855192
130	103216.28727544	43450.6030056022	-5038.89908866599	0	0	0	0	0	0	0	0	0	634.130938989251	357.546340528307	50.734489440107	46102.8178283119	24971.9749194804	3216.37423776179	0	0	0	0	0	0	0	0	0	64.8219096354972	36.701011421923	5.2746488960846	9609.69622327181	13221.3582225743	10213.8545356459	0	0	0	0	0	0	0	0	0	0.0286733314821191	0.0189472996295681	0.0039095327785823
131	103164.484780464	43412.4694489372	-5047.88260017307	0	0	0	0	0	0	0	0	0	686.76405916938	396.182322303192	59.7907391304685	46102.7273961076	24971.9371522208	3216.38553194095	0	0	0	0	0	0	0	0	0	70.420362232232	40.7975987848905	6.23344094618548	9609.6341315473	13221.3178618925	10213.84729234	0	0	0	0	0	0	0	0	0	0.0213387890352006	0.0142950893668981	0.00304378579817127
132	103159.826072191	43421.6366811662	-5040.98460989088	0	0	0	0	0	0	0	0	0	690.937216654708	386.675000756501	52.8118679002683	46102.9164585141	24972.0537938841	3216.40840116346	0	0	0	0	0	0	0	0	0	71.0041353798632	39.9342354727715	5.54177576583061	9609.68539446034	13221.3540815751	10213.8558509129	0	0	0	0	0	0	0	0	0	0.0515800681875087	0.0332593148549529	0.00640636965608923
133	103099.453780323	43402.3504060527	-5038.09795061555	0	0	0	0	0	0	0	0	0	751.466535308831	405.996118817109	49.9128478723855	46102.9353145427	24972.0661355847	3216.4079936417	0	0	0	0	0	0	0	0	0	75.7186799849334	40.9735847367207	5.06516273817324	9609.64700940095	13221.3269154052	10213.8493047487	0	0	0	0	0	0	0	0	0	0.0148832329315785	0.00941991857066988	0.00172663073294307
134	103183.776505856	43435.1643712824	-5039.75306926372	0	0	0	0	0	0	0	0	0	666.972256894288	373.145349393027	51.588422343042	46102.8391628772	24972.0032182734	3216.39575658114	0	0	0	0	0	0	0	0	0	67.9172222402951	38.1287882624054	5.32903938001254	9609.71162968353	13221.3679392823	10213.8568076837	0	0	0	0	0	0	0	0	0	0.0255387404149252	0.0166197193246532	0.00329632446389849
135	103058.089106609	43363.8627628758	-5050.10164222935	0	0	0	0	0	0	0	0	0	793.652310914321	445.020129360536	62.0255472207315	46102.8386071482	24971.9985232869	3216.39150894232	0	0	0	0	0	0	0	0	0	82.0775764173871	46.3129155578477	6.58278454866215	9609.6649464634	13221.3388185671	10213.8517938749	0	0	0	0	0	0	0	0	0	0.0603112734603601	0.0398041321375678	0.00818125410391338
136	103128.89388708	43408.6265310376	-5040.71407547809	0	0	0	0	0	0	0	0	0	722.324093946761	399.930909003556	52.5716128229429	46102.8468544894	24972.0101128579	3216.39875849968	0	0	0	0	0	0	0	0	0	73.8426272251465	41.0562343897282	5.47290774147383	9609.65320630673	13221.3335824297	10213.8519963597	0	0	0	0	0	0	0	0	0	0.0471619810838778	0.0302832978556594	0.00575103265234278
137	103141.077313676	43389.1370416093	-5054.20562297715	0	0	0	0	0	0	0	0	0	710.56693653576	419.801585225951	66.1850069884462	46102.7672674421	24971.9489549632	3216.37409965615	0	0	0	0	0	0	0	0	0	74.3931284825583	44.2333578841088	7.10370042551197	9609.68684051454	13221.3520962795	10213.8534985411	0	0	0	0	0	0	0	0	0	0.0505365973085179	0.0339789463011225	0.0072715588072034
138	103141.505423851	43383.2265054837	-5059.05578536818	0	0	0	0	0	0	0	0	0	709.969898251557	425.628745802529	71.027106739321	46102.6932706268	24971.9185684121	3216.38250512984	0	0	0	0	0	0	0	0	0	75.5126067927261	45.6216318392827	7.76841355634846	9609.66951585386	13221.3401264579	10213.8509848429	0	0	0	0	0	0	0	0	0	0.0616751899868781	0.042130264451846	0.00940005983050029
139	103184.694343446	43414.4174795868	-5051.82213162813	0	0	0	0	0	0	0	0	0	666.57834542225	394.290801308225	63.7554067252863	46102.8951638015	24972.0385308125	3216.40497223077	0	0	0	0	0	0	0	0	0	70.0623632482134	41.7283373134314	6.87226341783551	9609.65394854403	13221.331276053	10213.8500537667	0	0	0	0	0	0	0	0	0	0.0541870394845531	0.0366546712255052	0.00800362686488149
140	103179.478582322	43422.9374698896	-5045.66305385415	0	0	0	0	0	0	0	0	0	671.449785033623	385.524837523193	57.5404164890439	46102.8072933785	24971.9873542011	3216.39552104642	0	0	0	0	0	0	0	0	0	69.8931645870027	40.4101795954391	6.15578462819372	9609.63475810889	13221.3159942953	10213.8460250504	0	0	0	0	0	0	0	0	0	0.0527547593530873	0.0355964531963081	0.00771623385617866
141	103213.869972951	43436.1699830537	-5044.76827951289	0	0	0	0	0	0	0	0	0	637.089362547387	372.328629566072	56.6528846904232	46102.9165342197	24972.0537637822	3216.40575239256	0	0	0	0	0	0	0	0	0	65.8280636609847	38.6614701543701	5.97095746511835	9609.64890158063	13221.3278346755	10213.8494682362	0	0	0	0	0	0	0	0	0	0.0388863726755816	0.0258845046682075	0.00539832978166273
142	103163.475512567	43420.2991777168	-5043.62645441194	0	0	0	0	0	0	0	0	0	687.73562096816	388.2928671949	55.5157688287914	46102.861545297	24972.0144647124	3216.39315838861	0	0	0	0	0	0	0	0	0	69.8773410221314	39.5714429106077	5.709139371259	9609.64418544862	13221.3234306744	10213.8478951375	0	0	0	0	0	0	0	0	0	0.0148450429609139	0.00970018399899289	0.0019473118130636
143	103187.366994232	43429.1211093339	-5043.1883158842	0	0	0	0	0	0	0	0	0	663.831664383101	379.472693058447	55.0683723851745	46102.8423353334	24972.015391836	3216.40638415196	0	0	0	0	0	0	0	0	0	67.6219895074505	38.7842454286535	5.68626710229745	9609.68213491696	13221.3473003906	10213.8522369382	0	0	0	0	0	0	0	0	0	0.0167931098926017	0.011157976577501	0.00232628720295954
144	103199.674175859	43419.8240775105	-5052.0959619683	0	0	0	0	0	0	0	0	0	651.718478527368	388.975533518369	64.0526058055719	46102.7484244853	24971.9474612971	3216.38716098614	0	0	0	0	0	0	0	0	0	68.2359184929723	40.970346298559	6.85431759907331	9609.65212117887	13221.329472331	10213.8493868668	0	0	0	0	0	0	0	0	0	0.038418413140516	0.0260730782396199	0.00572873047614635
145	103175.126068791	43418.0285981769	-5046.58035059223	0	0	0	0	0	0	0	0	0	675.89195197375	390.496753764621	58.4721822470614	46102.8365841382	24971.9970167023	3216.39084422485	0	0	0	0	0	0	0	0	0	70.5764509239457	41.0584960308374	6.27590353941496	9609.66893140428	13221.3411834538	10213.8517151393	0	0	0	0	0	0	0	0	0	0.0644126753087059	0.0429990371406506	0.00906292858751643
146	103170.759896949	43411.6089814737	-5049.76549199845	0	0	0	0	0	0	0	0	0	680.598302856505	397.136089670717	61.7036453846031	46102.808566572	24971.9792618369	3216.3854800995	0	0	0	0	0	0	0	0	0	70.4841254912622	41.3509537568106	6.52320169525435	9609.58205517496	13221.2843699399	10213.8414655312	0	0	0	0	0	0	0	0	0	0.0332388426688284	0.0223511978617471	0.00480636105229208
147	103149.173233224	43416.9579223177	-5040.74216230575	0	0	0	0	0	0	0	0	0	701.936588727295	391.556774721297	52.602266734192	46102.697832171	24971.9204897711	3216.38365735182	0	0	0	0	0	0	0	0	0	71.7855814689513	40.2198419495051	5.48245774313079	9609.68528327935	13221.3504696782	10213.8532402162	0	0	0	0	0	0	0	0	0	0.037246530860406	0.0244167667541807	0.00487873088690241
148	103198.894620921	43413.9270972095	-5054.60992801121	0	0	0	0	0	0	0	0	0	652.299826420378	394.778307802594	66.557933260989	46102.8085636611	24971.9869671621	3216.39461626468	0	0	0	0	0	0	0	0	0	69.5650626300189	42.4114134515267	7.29246826141137	9609.6136291616	13221.3051634791	10213.845351727	0	0	0	0	0	0	0	0	0	0.0734195490668619	0.0499929477420253	0.0110502247549712
149	103115.228836542	43391.6980058654	-5047.95351478737	0	0	0	0	0	0	0	0	0	736.049719638758	416.938332598129	59.8472801824213	46102.8062716467	24971.9819547889	3216.39137574607	0	0	0	0	0	0	0	0	0	76.0799574263594	43.3479438075308	6.33287583203816	9609.66689029446	13221.3402460497	10213.8517573703	0	0	0	0	0	0	0	0	0	0.0580510147813455	0.0381370864493351	0.00774414352816572
150	103147.361655964	43420.5999301668	-5038.98555615712	0	0	0	0	0	0	0	0	0	703.394517989237	387.680914264023	50.8005009699776	46102.951958483	24972.0822525882	3216.41443146605	0	0	0	0	0	0	0	0	0	71.7032824122789	39.6727055649581	5.26614491229713	9609.66696383054	13221.3397668019	10213.8514817721	0	0	0	0	0	0	0	0	0	0.0345973839105662	0.0224786941314759	0.00442253005561042
151	103108.205237841	43385.3721155862	-5049.86915803914	0	0	0	0	0	0	0	0	0	743.097518800472	423.297481093298	61.7780309436277	46102.8158630077	24971.9876625799	3216.39047009212	0	0	0	0	0	0	0	0	0	77.6937003883685	44.6104667574897	6.66794750192096	9609.6142789096	13221.3037955418	10213.8434280771	0	0	0	0	0	0	0	0	0	0.0765398199503757	0.0514369661673959	0.0110281973640757
152	103216.688289912	43444.0442618871	-5041.74136119343	0	0	0	0	0	0	0	0	0	634.081163850225	364.314864756653	53.5973246407777	46102.9000210379	24972.0425137718	3216.40188622328	0	0	0	0	0	0	0	0	0	64.9238368773718	37.4546815973437	5.57907574694092	9609.683943797	13221.3511812061	10213.854250954	0	0	0	0	0	0	0	0	0	0.0254236973828436	0.0169006286334523	0.00351662643760656
153	103206.042810458	43444.9693430653	-5039.36851727611	0	0	0	0	0	0	0	0	0	645.068733923723	363.563613370428	51.2421317096103	46102.7102426516	24971.9265650709	3216.38321557153	0	0	0	0	0	0	0	0	0	66.0550686764815	37.4011533354691	5.34823610712052	9609.68203751329	13221.3507941699	10213.8544298847	0	0	0	0	0	0	0	0	0	0.0286352496004169	0.0190484466580358	0.00398727059983357
154	103205.247819582	43447.0935570945	-5037.85986483577	0	0	0	0	0	0	0	0	0	645.460225758726	361.196258597972	49.6930186841241	46102.840118096	24972.0006241748	3216.39326639275	0	0	0	0	0	0	0	0	0	65.3138956151316	36.6408253660117	5.08188488518759	9609.70646864557	13221.3651358179	10213.8567151863	0	0	0	0	0	0	0	0	0	0.0105443504008119	0.00698673598645926	0.00144667072544723
155	103211.201772713	43438.5878297465	-5044.24054748637	0	0	0	0	0	0	0	0	0	639.676313958441	369.852976115366	56.1233206865462	46102.9050190417	24972.0405467879	3216.39622770498	0	0	0	0	0	0	0	0	0	65.8292488798426	38.2383661649469	5.88006464751764	9609.65561044714	13221.3312535795	10213.8494453573	0	0	0	0	0	0	0	0	0	0.0294004136475194	0.0194944087547159	0.00405152992436004
156	103232.91428701	43446.7817332116	-5044.7427819256	0	0	0	0	0	0	0	0	0	617.985798764181	361.701318115411	56.649999811454	46102.7895715791	24971.9583648778	3216.37176690013	0	0	0	0	0	0	0	0	0	63.7631213890965	37.5021750340104	5.95454652126565	9609.6986598504	13221.3612392169	10213.8559094417	0	0	0	0	0	0	0	0	0	0.0252131916194283	0.0170912188935898	0.00374128149688005
157	103173.566926617	43437.5272324753	-5035.82414270591	0	0	0	0	0	0	0	0	0	677.391202060468	370.863864839947	47.6563171665206	46102.9377063394	24972.0611850255	3216.40361915389	0	0	0	0	0	0	0	0	0	68.5944711580649	37.6601857822691	4.88621258046031	9609.7038727656	13221.3620273187	10213.855240714	0	0	0	0	0	0	0	0	0	0.0200727569563501	0.0131097237289664	0.00261649830861615
158	103087.440676205	43382.508893638	-5046.06137686525	0	0	0	0	0	0	0	0	0	763.954474927396	426.152758865029	57.9328796921565	46102.9158167464	24972.0638216556	3216.41779412026	0	0	0	0	0	0	0	0	0	78.3071430089309	43.8804099092974	6.05253613529289	9609.58432335052	13221.2854148883	10213.8410336345	0	0	0	0	0	0	0	0	0	0.0477476903841449	0.0307419270589884	0.00589969086399726
159	103146.457027573	43422.2302668284	-5037.81596497319	0	0	0	0	0	0	0	0	0	704.513676469963	386.172785633399	49.6505058098034	46102.884973062	24972.0350637698	3216.40191699875	0	0	0	0	0	0	0	0	0	71.8390213733245	39.5266040791992	5.14661670690205	9609.66066966126	13221.3334371807	10213.849475961	0	0	0	0	0	0	0	0	0	0.0454402855365552	0.0289489652660691	0.00540498634748999
160	103203.342418901	43444.4858474781	-5038.59352415649	0	0	0	0	0	0	0	0	0	647.775456677185	364.039022632919	50.4590294774388	46102.869998839	24972.0263846538	3216.40197031325	0	0	0	0	0	0	0	0	0	66.4952099442177	37.5543159092031	5.28812681722411	9609.65706277901	13221.3329466331	10213.8503291517	0	0	0	0	0	0	0	0	0	0.0406901140642303	0.0266993678814118	0.00539788573934498
161	103147.918054667	43427.0089081867	-5035.97295138781	0	0	0	0	0	0	0	0	0	703.079173176563	381.383213905979	47.7960260637441	46102.9323537691	24972.0672914531	3216.40985450855	0	0	0	0	0	0	0	0	0	71.5922812644733	38.9776603354821	4.94601286364074	9609.67986566969	13221.347144806	10213.8524591594	0	0	0	0	0	0	0	0	0	0.0427803535259205	0.0271742386252308	0.00502070391026903
162	103131.671410075	43418.9731980178	-5036.23845259953	0	0	0	0	0	0	0	0	0	719.254202815817	389.381396418864	48.055255281901	46102.8668710013	24972.0232786005	3216.40043244427	0	0	0	0	0	0	0	0	0	72.8521744628516	39.5429121284282	4.92463218466616	9609.6754367221	13221.3480155825	10213.8546676918	0	0	0	0	0	0	0	0	0	0.0299127831671192	0.0189995401361781	0.00350394941980466
163	103151.462721721	43419.5414968854	-5040.88943720709	0	0	0	0	0	0	0	0	0	699.739223487151	389.013446472336	52.7519874535051	46102.8528642652	24972.0169795125	3216.40318903592	0	0	0	0	0	0	0	0	0	71.5240503873454	39.9401462310373	5.49467860824675	9609.64750463336	13221.3261279882	10213.8487318991	0	0	0	0	0	0	0	0	0	0.0348285896406238	0.0230224197280153	0.00474479947258258
164	103152.423596868	43426.7585367751	-5036.86235711824	0	0	0	0	0	0	0	0	0	698.278511493985	381.482146037163	48.6657725393717	46102.9001836099	24972.0459544718	3216.40890072756	0	0	0	0	0	0	0	0	0	71.436322873035	39.2075269156904	5.08111669395887	9609.71528686668	13221.3703016607	10213.8572464651	0	0	0	0	0	0	0	0	0	0.053339983882992	0.0345415573733259	0.00674063396693304
165	103154.688993848	43416.7794420092	-5042.56305458033	0	0	0	0	0	0	0	0	0	696.526239675781	391.795936901553	54.4215398597115	46102.8215194875	24972.0076274259	3216.41551110164	0	0	0	0	0	0	0	0	0	71.4860529767602	40.4149416848252	5.70611621716212	9609.6627013668	13221.33599508	10213.8500674361	0	0	0	0	0	0	0	0	0	0.0375483034487588	0.0251045960302789	0.00530770069419024
166	103179.120788015	43425.2581882969	-5043.93836569675	0	0	0	0	0	0	0	0	0	672.065765733129	383.342954094146	55.8312431630611	46102.6300282453	24971.8754513836	3216.37476163891	0	0	0	0	0	0	0	0	0	68.7742217007818	39.3940818116123	5.81139070968997	9609.67111689714	13221.3435414743	10213.8526894489	0	0	0	0	0	0	0	0	0	0.0222149591491877	0.0148759503436292	0.00316330307392649
167	103174.68726794	43430.1242508387	-5040.47547288561	0	0	0	0	0	0	0	0	0	676.078936988692	378.194006608134	52.3109326270878	46102.920156044	24972.0563009906	3216.40672988463	0	0	0	0	0	0	0	0	0	68.8927708025194	38.6793654649448	5.4119992725696	9609.65346976696	13221.3303063469	10213.8496209424	0	0	0	0	0	0	0	0	0	0.0252290037313602	0.0165222103683303	0.00333072689541071
168	103175.824853916	43424.4114789043	-5043.7309186488	0	0	0	0	0	0	0	0	0	675.023732166266	383.986015969206	55.5918901973647	46102.8928893456	24972.0360693041	3216.40088151157	0	0	0	0	0	0	0	0	0	70.1443574080776	40.1720126897593	5.93616021390206	9609.65200366362	13221.328435552	10213.8487990916	0	0	0	0	0	0	0	0	0	0.0601673009762775	0.0399140606262376	0.00829504188738365
