S01	S02	S03	E01	E02	E03	I01	I02	I03	Y01	Y02	Y03	R01	R02	R03	S11	S12	S13	E11	E12	E13	I11	I12	I13	Y11	Y12	Y13	R11	R12	R13	S21	S22	S23	E21	E22	E23	I21	I22	I23	Y21	Y22	Y23	R21	R22	R23
1	84129.4391521207	34853.2614053829	-1981.02539608565	0	0	0	0	0	0	0	0	0	664.695692495887	338.770153724679	34.2310422714414	59160.6174834612	31974.8309115868	4192.4929211352	0	0	0	0	0	0	0	0	0	69.5068468342012	35.4261991969039	3.57989601702184	16227.9597800748	14434.4967358043	5991.8209651831	0	0	0	0	0	0	0	0	0	0.0664048604389912	0.0338696461048857	0.00342780141413888
2	84224.2468066531	34901.5780712121	-1976.14722109515	0	0	0	0	0	0	0	0	0	567.945733560074	289.457552586268	29.2475399403377	59160.7253132034	31974.8845665498	4192.49733426196	0	0	0	0	0	0	0	0	0	58.8143557550371	29.9759709312656	3.02902384728654	16227.9743538464	14434.5113738047	5991.82812085242	0	0	0	0	0	0	0	0	0	0.0430272914941359	0.0219457479757168	0.00222098321126289
3	84154.3949811833	34866.0228231912	-1979.73617532518	0	0	0	0	0	0	0	0	0	638.572502005111	325.39689467609	32.867255728172	59160.7686309881	31974.9169888816	4192.50872396015	0	0	0	0	0	0	0	0	0	65.1247115327522	33.1861090995155	3.35213658928148	16227.9740679277	14434.510729858	5991.82777879749	0	0	0	0	0	0	0	0	0	0.0355017811023688	0.0181041990469254	0.00183150516385135
4	84078.0476009518	34827.1000405024	-1983.66391601302	0	0	0	0	0	0	0	0	0	716.80696202013	365.294839568033	36.9039175930012	59160.7174642378	31974.8880338146	4192.50362827372	0	0	0	0	0	0	0	0	0	73.7378220667873	37.5786989356864	3.79657410418108	16227.9651632644	14434.4961407083	5991.81818495468	0	0	0	0	0	0	0	0	0	0.0466138178769925	0.0237732154369425	0.00240553543267074
5	84140.4339399638	34858.9252190203	-1980.43832979541	0	0	0	0	0	0	0	0	0	653.000128436545	332.751529439671	33.6107297966719	59160.7407467086	31974.8941636658	4192.49982100786	0	0	0	0	0	0	0	0	0	65.8952966512763	33.5787728813779	3.39180010805408	16227.9585368718	14434.4921565342	5991.81714238825	0	0	0	0	0	0	0	0	0	0.010357867729232	0.00528193671651146	0.000534329405404194
6	84111.1746658468	34843.9808484559	-1981.96526685204	0	0	0	0	0	0	0	0	0	683.066540784914	348.090196938531	35.1636694373178	59160.5839397647	31974.8277630071	4192.50373584577	0	0	0	0	0	0	0	0	0	70.8252184902795	36.093562732878	3.64635971237955	16227.9623456335	14434.4980373204	5991.82103119927	0	0	0	0	0	0	0	0	0	0.0704690401729896	0.0359389391132195	0.00363642408949436
7	84078.1725932547	34827.1289832505	-1983.66820903556	0	0	0	0	0	0	0	0	0	716.706678486449	365.278929417021	36.9096437503903	59160.6795628249	31974.8688049243	4192.50169330446	0	0	0	0	0	0	0	0	0	73.2542747781964	37.3356150023718	3.7727115464122	16227.967213613	14434.4972495238	5991.81829582512	0	0	0	0	0	0	0	0	0	0.0193366746525686	0.00986155109998864	0.000997810502743229
8	84240.1722851843	34909.6683010421	-1975.32870213686	0	0	0	0	0	0	0	0	0	551.781143393133	281.257335129981	28.4270964931489	59160.5723767091	31974.7990345748	4192.48243364176	0	0	0	0	0	0	0	0	0	56.6537364262016	28.8784108180895	2.91889320129743	16227.9556627496	14434.4981798641	5991.82398962759	0	0	0	0	0	0	0	0	0	0.016981102730357	0.0086614768743576	0.000876657221045125
9	84065.8410694877	34820.8884469568	-1984.28969668037	0	0	0	0	0	0	0	0	0	729.180079156636	371.590834295178	37.5379863032141	59160.6983871259	31974.8760680491	4192.50064152932	0	0	0	0	0	0	0	0	0	75.3075951779917	38.3778648241539	3.87714105558999	16227.9643107062	14434.4983000357	5991.82038982901	0	0	0	0	0	0	0	0	0	0.0577387577345101	0.0294481853346982	0.00298003082309773
10	84137.1383337372	34857.1794260258	-1980.63101182906	0	0	0	0	0	0	0	0	0	656.685792042711	334.693094848537	33.8201561678342	59160.6666525915	31974.8582807811	4192.49757175102	0	0	0	0	0	0	0	0	0	67.2903992144395	34.2965389129553	3.46574076311703	16227.9639832851	14434.4972516741	5991.81956468488	0	0	0	0	0	0	0	0	0	0.0216744281064334	0.0110546244488462	0.00111871115814053
11	84110.0000180179	34843.3480427955	-1982.02853556207	0	0	0	0	0	0	0	0	0	684.345701634319	348.79073547267	35.2448424736695	59160.726836717	31974.8881730175	4192.50002908328	0	0	0	0	0	0	0	0	0	71.2300384360802	36.3049087636241	3.66878937945059	16227.9593790526	14434.49534422	5991.81969487391	0	0	0	0	0	0	0	0	0	0.0530343204503919	0.0270490133094235	0.00273729326674789
12	84093.6993224946	34835.0732668785	-1982.86236328605	0	0	0	0	0	0	0	0	0	700.419097316187	356.940993520594	36.0595814896717	59160.7782899354	31974.9215640169	4192.50896587989	0	0	0	0	0	0	0	0	0	71.7408566001928	36.5606298878664	3.69365277945982	16227.9682403492	14434.5005808054	5991.82100242344	0	0	0	0	0	0	0	0	0	0.0346928686490776	0.0176935886832449	0.00179038100651705
13	84221.6476696072	34900.3282447591	-1976.25431063796	0	0	0	0	0	0	0	0	0	570.312123207399	290.593145991832	29.34754326274	59160.7787759003	31974.9123314115	4192.50044990247	0	0	0	0	0	0	0	0	0	57.5986452900933	29.3486966981752	2.96403338930089	16227.9635926946	14434.4996616392	5991.82189402097	0	0	0	0	0	0	0	0	0	0.0193770346888287	0.00987999278552032	0.000999210775378096
14	84107.6749858657	34842.1707122384	-1982.1454987551	0	0	0	0	0	0	0	0	0	686.723239555299	349.995173720195	35.3650281819128	59160.6599059654	31974.854262556	4192.49662858697	0	0	0	0	0	0	0	0	0	70.7042242519402	36.0358783842216	3.64138704129527	16227.9708981875	14434.5004879217	5991.81966794877	0	0	0	0	0	0	0	0	0	0.0342036525116363	0.0174438070684729	0.00176504680332628
15	84118.5478398917	34847.7328802617	-1981.58027179565	0	0	0	0	0	0	0	0	0	675.655748348977	344.331219601717	34.7878154334983	59160.6907021328	31974.8713568717	4192.49926821615	0	0	0	0	0	0	0	0	0	70.3697680849121	35.8633878999896	3.62353087525396	16227.9639748829	14434.4977894446	5991.82010846755	0	0	0	0	0	0	0	0	0	0.0725291325832845	0.0369906174012689	0.00374307132949728
16	84127.1687891048	34852.1356933853	-1981.13307005341	0	0	0	0	0	0	0	0	0	666.593665432976	339.704501605344	34.318627239474	59160.6944787895	31974.8721187988	4192.49867619578	0	0	0	0	0	0	0	0	0	68.3339277873061	34.8245479124963	3.51830019275198	16227.9561260847	14434.493817124	5991.81969405413	0	0	0	0	0	0	0	0	0	0.0343506347390911	0.0175185520378761	0.00177256187419225
17	84100.8584067465	34838.7149837313	-1982.48921064273	0	0	0	0	0	0	0	0	0	693.527491117324	353.446884148489	35.7101982133106	59160.670765016	31974.8591361241	4192.49679652546	0	0	0	0	0	0	0	0	0	71.5193710695296	36.4497754594969	3.68286189347195	16227.9596814144	14434.492893819	5991.81729993156	0	0	0	0	0	0	0	0	0	0.0424818259308963	0.0216671796534042	0.00219271294794114
18	84174.9642936107	34876.4534769673	-1978.68171018593	0	0	0	0	0	0	0	0	0	618.442742072226	315.211445649957	31.8537310909859	59160.6908018959	31974.869490706	4192.49796110543	0	0	0	0	0	0	0	0	0	63.803284062919	32.5203718052254	3.28650867391306	16227.9633062189	14434.4932269589	5991.81609212282	0	0	0	0	0	0	0	0	0	0.0278762487128418	0.0142179673903815	0.00143888595202652
19	84150.3422733731	34863.9502159593	-1979.93879605352	0	0	0	0	0	0	0	0	0	642.830834260935	327.588680054104	33.093211349553	59160.7399815677	31974.8960151539	4192.50163894661	0	0	0	0	0	0	0	0	0	65.7753622447319	33.5199731491553	3.38634283542568	16227.96011296	14434.4959894251	5991.82004173757	0	0	0	0	0	0	0	0	0	0.0344749681811173	0.0175815092513506	0.00177883303188286
20	84098.9745984134	34837.7957634931	-1982.57618190406	0	0	0	0	0	0	0	0	0	695.049742465728	354.176961694606	35.7744998506129	59160.7197659641	31974.8840753574	4192.49939622778	0	0	0	0	0	0	0	0	0	70.223923938021	35.7843776068399	3.61455626767236	16227.9659546696	14434.5001223922	5991.82132684399	0	0	0	0	0	0	0	0	0	0.0127780213670301	0.00651587648680196	0.000659112555240401
21	84130.8262914267	34854.019403802	-1980.93838284	0	0	0	0	0	0	0	0	0	663.321101266686	338.016728893027	34.1438233608033	59160.690271656	31974.868479637	4192.49705094623	0	0	0	0	0	0	0	0	0	67.5053864552811	34.400058803588	3.47493318222236	16227.9762227324	14434.5054049184	5991.82195187014	0	0	0	0	0	0	0	0	0	0.0285846329281405	0.0145759803033863	0.00147440214641493
22	84130.1781370534	34853.6573518566	-1980.97707497192	0	0	0	0	0	0	0	0	0	663.507071272569	338.152060875454	34.166043986742	59160.7305093057	31974.8781452243	4192.48942393783	0	0	0	0	0	0	0	0	0	68.1783613589623	34.7473847536374	3.5109432617588	16227.9677024373	14434.5038331072	5991.82412100461	0	0	0	0	0	0	0	0	0	0.0375159492542586	0.0191330414027075	0.0019359647289012
23	84191.8045471769	34885.0730787092	-1977.80819720995	0	0	0	0	0	0	0	0	0	600.435736473847	305.987339187956	30.911841542198	59160.7527315265	31974.8985702139	4192.49869655747	0	0	0	0	0	0	0	0	0	61.1375289636655	31.1566882836277	3.14764879946782	16227.9836469413	14434.5150603604	5991.82761119294	0	0	0	0	0	0	0	0	0	0.0227945701785204	0.0116243204192173	0.00117601361611304
24	84241.572405934	34910.4338773916	-1975.24423030387	0	0	0	0	0	0	0	0	0	550.169308729752	280.376368262221	28.3256565443482	59160.7506393771	31974.8980070886	4192.49906039177	0	0	0	0	0	0	0	0	0	56.0061381984784	28.5421909512341	2.88363156935849	16227.9691242774	14434.5033491339	5991.82297258202	0	0	0	0	0	0	0	0	0	0.0206445040714222	0.0105283706248226	0.00106524717367866
25	84067.516594032	34821.6972692716	-1984.21772333866	0	0	0	0	0	0	0	0	0	727.771557612561	370.918775173318	37.4798367289614	59160.6550657769	31974.854060968	4192.49844970521	0	0	0	0	0	0	0	0	0	76.3005327046062	38.8890050869158	3.92987095593112	16227.9586476834	14434.4955350052	5991.82026046412	0	0	0	0	0	0	0	0	0	0.0731573670512031	0.0373141899014252	0.00377650672201815
26	84130.0673710684	34853.5227804777	-1981.01167017095	0	0	0	0	0	0	0	0	0	664.121690479205	338.536451459121	34.2198451234443	59160.5692083085	31974.8071592954	4192.49097296584	0	0	0	0	0	0	0	0	0	69.1726080985248	35.2616685022455	3.56449885001335	16227.9649624808	14434.4995036948	5991.82127544823	0	0	0	0	0	0	0	0	0	0.0298701979258928	0.015236642716087	0.001542343680982
27	84239.4909189373	34909.3284464958	-1975.36870114236	0	0	0	0	0	0	0	0	0	552.43621289181	281.571142242205	28.4546617916396	59160.7458562935	31974.8955842974	4192.49867028894	0	0	0	0	0	0	0	0	0	57.3040289787349	29.2080929681285	2.95184669276006	16227.97327604	14434.5113675298	5991.82858133184	0	0	0	0	0	0	0	0	0	0.037740491540996	0.0192507789784474	0.00194857820481342
28	84163.3068159757	34870.4700662171	-1979.29946872668	0	0	0	0	0	0	0	0	0	630.153881095513	321.215123079268	32.4675773313618	59160.7718175931	31974.9080735071	4192.49950831295	0	0	0	0	0	0	0	0	0	65.9011365313074	33.5934437735812	3.3957386730959	16227.96939124	14434.5067831246	5991.82591078116	0	0	0	0	0	0	0	0	0	0.042656504803313	0.0217578082706746	0.00220222188352041
29	84157.7057394917	34867.6468956181	-1979.58592646267	0	0	0	0	0	0	0	0	0	635.887127101132	324.092127769371	32.7489925691996	59160.6559966431	31974.8595766957	4192.50295261059	0	0	0	0	0	0	0	0	0	65.9660916580917	33.6218012772247	3.39762239787691	16227.9729262699	14434.5107523787	5991.82827827845	0	0	0	0	0	0	0	0	0	0.0470335696958936	0.0239883134039777	0.00242752879816813
30	84179.4072080076	34878.7667589352	-1978.4425391723	0	0	0	0	0	0	0	0	0	613.077731806998	312.418298604209	31.5590497067897	59160.7307263313	31974.8877330691	4192.49769733238	0	0	0	0	0	0	0	0	0	63.0415768706735	32.1261051417415	3.24538811571679	16227.9747949932	14434.5100581788	5991.82670253441	0	0	0	0	0	0	0	0	0	0.0503615010771018	0.0256833788653042	0.00259856788324379
31	84088.2007218865	34832.2972587003	-1983.13607750015	0	0	0	0	0	0	0	0	0	706.220416794047	359.873880725579	36.3508840765112	59160.8086007616	31974.9342563991	4192.50880895413	0	0	0	0	0	0	0	0	0	72.212134093834	36.7983365941555	3.71714450510961	16227.9666335062	14434.4994835563	5991.82050123205	0	0	0	0	0	0	0	0	0	0.0424007211992757	0.0216211585472607	0.00218704483930665
32	84136.1293526924	34856.6679578774	-1980.6820800007	0	0	0	0	0	0	0	0	0	657.487735602833	335.098419232798	33.8604510029672	59160.7342776985	31974.8927528241	4192.50050045853	0	0	0	0	0	0	0	0	0	67.925992285932	34.6203615122292	3.49844306836428	16227.9561058806	14434.4938311949	5991.81981749302	0	0	0	0	0	0	0	0	0	0.0381790477950259	0.0194729304136925	0.00197072578191297
33	84163.3511823122	34870.5923901364	-1979.26660631084	0	0	0	0	0	0	0	0	0	629.755938224404	320.910107583539	32.4153092123688	59160.7148926278	31974.8846263842	4192.50149958915	0	0	0	0	0	0	0	0	0	65.095972341952	33.1724065983702	3.35095261113805	16227.9672972744	14434.5007927776	5991.82150313761	0	0	0	0	0	0	0	0	0	0.0724787439833894	0.0369602678305656	0.00373898588094908
34	84105.0132837472	34840.839015573	-1982.27593637951	0	0	0	0	0	0	0	0	0	689.278243846589	351.269779402925	35.488006716204	59160.6545739486	31974.8518149034	4192.49629267389	0	0	0	0	0	0	0	0	0	70.1962873245394	35.7739709663179	3.61428331932281	16227.9621711825	14434.4979651325	5991.82108303599	0	0	0	0	0	0	0	0	0	0.0180492130594944	0.00920533389585218	0.000931495539959829
35	84098.1996639953	34837.363197678	-1982.62465662253	0	0	0	0	0	0	0	0	0	696.561007561177	354.990589880015	35.8658539038544	59160.6410155245	31974.8443834687	4192.49539275604	0	0	0	0	0	0	0	0	0	73.5684512211703	37.4945279217089	3.78853422990607	16227.947963359	14434.4856589578	5991.81568019048	0	0	0	0	0	0	0	0	0	0.11383952039962	0.0580599082440952	0.00587518807395581
36	84177.6386909572	34877.7570122596	-1978.56255966337	0	0	0	0	0	0	0	0	0	615.696460507917	313.872012579974	31.7308587729415	59160.6197087668	31974.8332295611	4192.4942963902	0	0	0	0	0	0	0	0	0	64.1913726930539	32.7244672134435	3.30843753305515	16227.9504003672	14434.4870255029	5991.81578608584	0	0	0	0	0	0	0	0	0	0.0264070314334289	0.0134700895789069	0.0013635194008574
37	84093.6741570026	34834.9889826676	-1982.88109868195	0	0	0	0	0	0	0	0	0	701.305318529518	357.47334222599	36.1301647508081	59160.5898858127	31974.8199255448	4192.49427617487	0	0	0	0	0	0	0	0	0	72.8085923695542	37.1133146644919	3.7512700904817	16227.9479396868	14434.4881061729	5991.81789532252	0	0	0	0	0	0	0	0	0	0.031496518957963	0.0160650938236123	0.00162595725198596
38	84125.3330518764	34851.0724515444	-1981.26704420336	0	0	0	0	0	0	0	0	0	668.743308526859	340.930116158381	34.4696892918709	59160.6612246999	31974.8525182696	4192.49423059736	0	0	0	0	0	0	0	0	0	70.9917539736634	36.1931834735675	3.65953736021272	16227.9696421086	14434.5033526099	5991.82294090192	0	0	0	0	0	0	0	0	0	0.0498285111157604	0.0254174367320203	0.00257293763293693
39	84128.8362339461	34853.009491237	-1981.03957650573	0	0	0	0	0	0	0	0	0	664.82995389517	338.780774885123	34.2198949909155	59160.7223238644	31974.8853559942	4192.49895337527	0	0	0	0	0	0	0	0	0	67.55347885459	34.4240437360788	3.47723725603329	16227.9665534881	14434.5004818355	5991.82151971055	0	0	0	0	0	0	0	0	0	0.0252092663026696	0.0128555490376263	0.0013005357208186
40	84146.2153210852	34861.7781745559	-1980.17902648218	0	0	0	0	0	0	0	0	0	647.701194432082	330.130050643983	33.3624476101524	59160.5605664294	31974.8104032313	4192.49761731281	0	0	0	0	0	0	0	0	0	66.6961045743187	33.9953988887691	3.43567899101677	16227.9756985339	14434.5087277946	5991.82523742916	0	0	0	0	0	0	0	0	0	0.0247269050772286	0.0126124720398462	0.00127657767645332
41	84192.0028875113	34885.1451031043	-1977.81196216895	0	0	0	0	0	0	0	0	0	601.15714691143	306.375861275092	30.9554129332482	59160.7179736498	31974.8949732358	4192.50942158965	0	0	0	0	0	0	0	0	0	62.4930138727129	31.8501515951563	3.21826582134741	16227.966146766	14434.5006760517	5991.82188963679	0	0	0	0	0	0	0	0	0	0.0516727015860067	0.0263550852354424	0.00266718428321092
42	84167.8360170306	34872.8604685298	-1979.03829541398	0	0	0	0	0	0	0	0	0	625.286023511312	318.654662576501	32.1920804426716	59160.5833364357	31974.8143335777	4192.49185270854	0	0	0	0	0	0	0	0	0	63.828528707273	32.5285040827007	3.28631375606665	16227.9647874333	14434.4980844922	5991.82004129072	0	0	0	0	0	0	0	0	0	0.0234141463416754	0.0119415657780633	0.00120838551962958
43	84186.4370848646	34882.2782282551	-1978.10698659245	0	0	0	0	0	0	0	0	0	606.379915191458	309.070667428368	31.2346685531488	59160.7127695481	31974.8914745648	4192.508702133	0	0	0	0	0	0	0	0	0	62.2448915575524	31.7267127536581	3.206430307179	16227.9696301232	14434.5010611965	5991.82078773765	0	0	0	0	0	0	0	0	0	0.0189349781885615	0.00965824461469215	0.000977578649067113
44	84218.6123942476	34898.6388580848	-1976.45856961605	0	0	0	0	0	0	0	0	0	574.096860185647	292.66047170484	29.5855981397125	59160.7296674091	31974.888015823	4192.49809459967	0	0	0	0	0	0	0	0	0	60.8070350976729	30.9989787089077	3.13396839912526	16227.9729727156	14434.5103851101	5991.82782203617	0	0	0	0	0	0	0	0	0	0.0546619279511226	0.0278832005226899	0.00282259381666833
45	84185.9062728532	34882.0771861478	-1978.11290068496	0	0	0	0	0	0	0	0	0	606.865891809451	309.246607034937	31.2372722432158	59160.702779155	31974.8876625197	4192.50913714322	0	0	0	0	0	0	0	0	0	61.4957152218198	31.3373395458825	3.16548931384199	16227.9615772955	14434.4966213099	5991.82001613949	0	0	0	0	0	0	0	0	0	0.0183241588188663	0.00934428765684731	0.000945279426773913
46	84068.5104316065	34822.2489580165	-1984.15275743697	0	0	0	0	0	0	0	0	0	726.298629165652	370.121215627322	37.38926213308	59160.7388848305	31974.8979480206	4192.50384386316	0	0	0	0	0	0	0	0	0	74.1357893669506	37.7801856973285	3.81665175463117	16227.959647211	14434.4956149592	5991.81986958162	0	0	0	0	0	0	0	0	0	0.0289798294611895	0.0147788278469134	0.00149520569940428
47	84194.2128293772	34886.2696370981	-1977.69949277881	0	0	0	0	0	0	0	0	0	598.377264197983	304.95991208389	30.8124938337463	59160.7052822259	31974.8905438456	4192.51107863269	0	0	0	0	0	0	0	0	0	61.9423881983042	31.5695081666551	3.18990354201799	16227.9640759105	14434.4985177007	5991.82056981524	0	0	0	0	0	0	0	0	0	0.0459602259982463	0.0234423418648087	0.00237259141076541
48	84192.0680520758	34885.1672651139	-1977.81231858235	0	0	0	0	0	0	0	0	0	600.79099691217	306.200724178815	30.9401375602564	59160.6957125353	31974.8845986033	4192.50958421038	0	0	0	0	0	0	0	0	0	63.0085146461313	32.1142744660326	3.24524830579474	16227.9622944917	14434.4975524432	5991.82058753862	0	0	0	0	0	0	0	0	0	0.06434584456105	0.032820366424131	0.00332180573063094
49	84201.6760635132	34890.1160157716	-1977.29402615867	0	0	0	0	0	0	0	0	0	590.949197925701	301.143960018915	30.4205301460644	59160.5858439981	31974.8174732763	4192.4937679962	0	0	0	0	0	0	0	0	0	59.9389090009983	30.5448767909557	3.08562111403922	16227.9654300574	14434.4982974446	5991.81991809302	0	0	0	0	0	0	0	0	0	0.0168836181233761	0.00861045516928556	0.000871209624866342
50	84163.0782366324	34870.4388734341	-1979.2936519601	0	0	0	0	0	0	0	0	0	629.855410871652	320.960509484595	32.4203213329445	59160.7343926976	31974.9105018712	4192.51678149698	0	0	0	0	0	0	0	0	0	64.1848370226847	32.7077193459365	3.30392966600501	16227.9604666271	14434.496028329	5991.8199582016	0	0	0	0	0	0	0	0	0	0.0276450019385416	0.0140978010115754	0.00142623899523192
51	84173.1208337482	34875.5316817763	-1978.7780033637	0	0	0	0	0	0	0	0	0	619.681072368551	315.812664700194	31.908193355778	59160.7408108816	31974.9024469254	4192.50719327018	0	0	0	0	0	0	0	0	0	63.562322741649	32.3944265382658	3.27312290698498	16227.9672828457	14434.4993954112	5991.82013499792	0	0	0	0	0	0	0	0	0	0.0272930746200358	0.0139207553201117	0.00140885724718328
52	84138.8477579781	34858.0711756508	-1980.54222929673	0	0	0	0	0	0	0	0	0	654.89720338834	333.750986407874	33.7185550336582	59160.677857828	31974.8699187407	4192.50344760952	0	0	0	0	0	0	0	0	0	67.2773430727586	34.2868680100574	3.4641306085621	16227.9664902721	14434.5020882092	5991.82297323139	0	0	0	0	0	0	0	0	0	0.0359091229996306	0.0183135274063855	0.00185303084726418
53	84147.6204699265	34862.5061719335	-1980.10343592987	0	0	0	0	0	0	0	0	0	646.007371018911	329.253837782222	33.2713269821822	59160.6214552733	31974.8420315585	4192.50104138319	0	0	0	0	0	0	0	0	0	66.6869593620605	33.9894890639409	3.43483297781999	16227.9631548991	14434.5026002494	5991.82489817653	0	0	0	0	0	0	0	0	0	0.0351237561079294	0.0179151627219071	0.00181319910815937
54	84144.4805519832	34860.9396022405	-1980.25420185314	0	0	0	0	0	0	0	0	0	649.182243883951	330.838510955781	33.4243981420165	59160.7620869452	31974.9132830515	4192.50806903216	0	0	0	0	0	0	0	0	0	65.8871626136054	33.5780794478204	3.39246334260854	16227.9728157709	14434.5069969828	5991.82489877972	0	0	0	0	0	0	0	0	0	0.0126565500865983	0.00645483709000529	0.000653134820919745
55	84153.611736074	34865.5037390607	-1979.81305054991	0	0	0	0	0	0	0	0	0	640.529631531909	326.518106805767	33.0064877734445	59160.549999808	31974.8050616149	4192.49719035502	0	0	0	0	0	0	0	0	0	67.6964490736214	34.5102612186084	3.48875557412843	16227.9689398455	14434.5071005008	5991.82660988438	0	0	0	0	0	0	0	0	0	0.0535165523064324	0.0272980755187086	0.00276317139080221
56	84170.1712412674	34873.9791952815	-1978.94054048074	0	0	0	0	0	0	0	0	0	623.516930719826	317.824897558003	32.1232477799776	59160.6041211806	31974.8254569284	4192.49314146252	0	0	0	0	0	0	0	0	0	65.6239665411327	33.4515566272786	3.38125446385599	16227.9628698145	14434.4975364175	5991.82038674611	0	0	0	0	0	0	0	0	0	0.0643628024219715	0.0328283851215129	0.00332247485673823
57	84178.5087266852	34878.2391975006	-1978.51321298458	0	0	0	0	0	0	0	0	0	614.703377287028	313.313747616745	31.6635346445937	59160.6962843178	31974.8811519199	4192.5062439141	0	0	0	0	0	0	0	0	0	64.1311928034837	32.6885637961812	3.30371396925833	16227.9599519209	14434.4954478151	5991.81962955583	0	0	0	0	0	0	0	0	0	0.0532570857217488	0.0271625302697008	0.0027487554533562
58	84130.0006840679	34853.5850956289	-1980.9849451514	0	0	0	0	0	0	0	0	0	663.512559492499	338.128373518682	34.1580654951463	59160.7859367382	31974.9173093888	4192.50200233349	0	0	0	0	0	0	0	0	0	67.6039399304772	34.4517689721803	3.48047042561537	16227.9668337338	14434.5002966089	5991.82119563039	0	0	0	0	0	0	0	0	0	0.0232060921757441	0.0118350553167737	0.00119752192605678
59	84056.8777202798	34816.2707049036	-1984.76555276632	0	0	0	0	0	0	0	0	0	739.056622376902	376.677769490082	38.0633878733837	59160.5639036364	31974.804127879	4192.49087557563	0	0	0	0	0	0	0	0	0	78.4069905243546	39.9637604481208	4.03872492377087	16227.9561914761	14434.4948667203	5991.82063451974	0	0	0	0	0	0	0	0	0	0.089958253556955	0.0458852202718916	0.00464433180537275
60	84178.3216958185	34878.2284268972	-1978.49388377926	0	0	0	0	0	0	0	0	0	613.958329099544	312.851910346029	31.599668492794	59160.90238715	31974.9749024047	4192.50639498242	0	0	0	0	0	0	0	0	0	62.0659165149378	31.6269537647702	3.19455236846892	16227.9761469185	14434.5110311977	5991.82698844279	0	0	0	0	0	0	0	0	0	0.0150170594849945	0.0076578135264108	0.000774664983330972
61	84217.6571135505	34898.160099524	-1976.50497313092	0	0	0	0	0	0	0	0	0	574.82719178764	293.024609760899	29.6204878972699	59160.7096633829	31974.8771931752	4192.49678532635	0	0	0	0	0	0	0	0	0	60.0688406170392	30.6215813047492	3.09556717083451	16227.9641541492	14434.5062736362	5991.8275049514	0	0	0	0	0	0	0	0	0	0.0368466670261562	0.0187952164711554	0.00190254098265327
62	84075.5598348262	34825.8123336491	-1983.80014765494	0	0	0	0	0	0	0	0	0	719.328495355177	366.5967717215	37.038975112679	59160.6850046591	31974.8670770198	4192.49794017281	0	0	0	0	0	0	0	0	0	74.2716524812632	37.8525727682158	3.82462370513246	16227.9730669179	14434.5078798704	5991.82561856155	0	0	0	0	0	0	0	0	0	0.0453130231084505	0.0231106092168012	0.0023386635395482
63	84124.4658456456	34850.7342797729	-1981.28002526023	0	0	0	0	0	0	0	0	0	669.458115547451	341.187951332987	34.4732867421624	59160.766756552	31974.9105627382	4192.50388755682	0	0	0	0	0	0	0	0	0	69.7866898539102	35.567761559828	3.59396815041424	16227.9639895814	14434.4969760908	5991.81936939457	0	0	0	0	0	0	0	0	0	0.067144279575965	0.0342438035464817	0.00346501372946338
64	84114.3234327315	34845.5943912567	-1981.79080316744	0	0	0	0	0	0	0	0	0	679.86954601531	346.468318865749	35.0013998903162	59160.6796645647	31974.8618554651	4192.49545153716	0	0	0	0	0	0	0	0	0	69.6926697302399	35.5168109444419	3.58818276767896	16227.9627722372	14434.4967833183	5991.81961426438	0	0	0	0	0	0	0	0	0	0.0378581139785647	0.0193078462612153	0.00195371513103707
65	84093.3986917331	34834.9108856168	-1982.87611809868	0	0	0	0	0	0	0	0	0	701.293625770779	357.403676406351	36.1098265329948	59160.5083017523	31974.7786064851	4192.49031823091	0	0	0	0	0	0	0	0	0	72.0410922976597	36.7154682633546	3.70967393410805	16227.9655580674	14434.4970654705	5991.81876636027	0	0	0	0	0	0	0	0	0	0.0308834085866864	0.0157520262770005	0.00159419685728553
66	84162.4645878708	34870.0810126567	-1979.33064585259	0	0	0	0	0	0	0	0	0	630.763352300732	321.484240306892	32.4861539844087	59160.6322732738	31974.8403377364	4192.49515799345	0	0	0	0	0	0	0	0	0	64.6784872467142	32.9656183118121	3.33132421523169	16227.9725385005	14434.5054888267	5991.8235962131	0	0	0	0	0	0	0	0	0	0.0221225251932765	0.0112828929610262	0.00114175235483788
67	84154.5606174911	34866.1051584734	-1979.7282324601	0	0	0	0	0	0	0	0	0	638.528347566195	325.37687615943	32.8657826359707	59160.7186522294	31974.8913529925	4192.50607078067	0	0	0	0	0	0	0	0	0	65.2045247322093	33.2270614544005	3.35633512994806	16227.9713451266	14434.5091434242	5991.82751712423	0	0	0	0	0	0	0	0	0	0.036945167637019	0.0188402100935493	0.00190595468437168
68	84139.576970864	34858.375552922	-1980.52554469256	0	0	0	0	0	0	0	0	0	653.999862011449	333.361993868794	33.6934869016549	59160.6760069153	31974.8690147273	4192.50337231649	0	0	0	0	0	0	0	0	0	67.7406418159537	34.5300788250596	3.49018292477986	16227.9750275561	14434.506538468	5991.82349313955	0	0	0	0	0	0	0	0	0	0.0296814974563262	0.0151390442693946	0.00153216972922292
69	84126.1927773871	34851.6359275807	-1981.17832584849	0	0	0	0	0	0	0	0	0	667.844479431064	340.354200066689	34.3866937357461	59160.620360343	31974.8217345053	4192.48353220422	0	0	0	0	0	0	0	0	0	69.517627716239	35.4294807634829	3.57975773245063	16227.9606179474	14434.4991203482	5991.82267887451	0	0	0	0	0	0	0	0	0	0.0634950860300892	0.0323850027918143	0.00327743214543172
70	84162.506963339	34870.0415271948	-1979.35562033883	0	0	0	0	0	0	0	0	0	631.504148684289	321.91031553435	32.5392204830442	59160.7179745453	31974.9012089809	4192.51549606438	0	0	0	0	0	0	0	0	0	67.2098862071685	34.261658966248	3.46350328203335	16227.9665176505	14434.4988444776	5991.81992704245	0	0	0	0	0	0	0	0	0	0.0730804651378773	0.0372768515210148	0.00377313293654056
71	84152.0422862769	34864.8097515302	-1979.85276312348	0	0	0	0	0	0	0	0	0	641.075099061235	326.702092498918	33.0054346219324	59160.7449527206	31974.8969041899	4192.5004756467	0	0	0	0	0	0	0	0	0	65.1476400393029	33.2007382297374	3.35423856371275	16227.9702710194	14434.5015829342	5991.82089672558	0	0	0	0	0	0	0	0	0	0.0168042173485033	0.00857031734406209	0.000867226438249026
72	84107.7113308964	34842.2186599399	-1982.1423310819	0	0	0	0	0	0	0	0	0	686.133668100404	349.651204238449	35.3210689859079	59160.7576166428	31974.916390048	4192.51275017714	0	0	0	0	0	0	0	0	0	70.8029209610317	36.0818585367413	3.64511839325599	16227.9663670932	14434.4991823363	5991.82041727468	0	0	0	0	0	0	0	0	0	0.0573103588941831	0.0292284655940035	0.00295753195018293
73	84130.2489712083	34853.6149203412	-1981.00260974775	0	0	0	0	0	0	0	0	0	664.158326717326	338.555822684263	34.2219952800366	59160.7486701981	31974.8982135284	4192.50006273993	0	0	0	0	0	0	0	0	0	70.657803075421	36.0193212026243	3.64121044835193	16227.965067127	14434.4998172533	5991.82150418057	0	0	0	0	0	0	0	0	0	0.0655099371062918	0.0334160292651403	0.00338251064060869
74	84190.0854133567	34884.1900012527	-1977.90346455819	0	0	0	0	0	0	0	0	0	602.898936530512	307.241861136521	31.0383541152062	59160.6897222974	31974.8800588067	4192.50771180921	0	0	0	0	0	0	0	0	0	61.1767013954377	31.1765123718718	3.14961570179841	16227.9669118146	14434.5006570664	5991.82154585693	0	0	0	0	0	0	0	0	0	0.016189690451649	0.0082565877124731	0.000835412358200024
75	84082.6903168792	34829.4118001084	-1983.44526896635	0	0	0	0	0	0	0	0	0	712.573121171867	363.186476856586	36.7014595066475	59160.6330210782	31974.8491849488	4192.50288436575	0	0	0	0	0	0	0	0	0	75.2749990763891	38.3679568847924	3.87756849004136	16227.9565886444	14434.4935797898	5991.81932311661	0	0	0	0	0	0	0	0	0	0.0802251733181576	0.0409211383986801	0.0041419928526854
76	84155.7741646146	34866.6026258217	-1979.6949224195	0	0	0	0	0	0	0	0	0	638.593916080859	325.548037098349	32.9120730685649	59160.6361830293	31974.8418987453	4192.49505822357	0	0	0	0	0	0	0	0	0	68.8817304174869	35.1165961564359	3.55050967469519	16227.9588301175	14434.4961624493	5991.82074815778	0	0	0	0	0	0	0	0	0	0.0853351570145469	0.0435294286176719	0.00440638995772005
77	84123.2264365155	34850.1417180031	-1981.33168124822	0	0	0	0	0	0	0	0	0	670.644145313488	341.752047707584	34.5218562872343	59160.7229462948	31974.8865581509	4192.49977457345	0	0	0	0	0	0	0	0	0	68.1817452406813	34.7450845827447	3.50985773663161	16227.9718153896	14434.5030937658	5991.82171625515	0	0	0	0	0	0	0	0	0	0.0219103755982281	0.0111735577856362	0.00113043936640159
78	84183.018519136	34880.5727962873	-1978.2639647399	0	0	0	0	0	0	0	0	0	610.089513825202	310.936571804041	31.418054006514	59160.6261422592	31974.8373397373	4192.4950918624	0	0	0	0	0	0	0	0	0	63.5981566872847	32.4143343238039	3.27547792712691	16227.9528346078	14434.4899739623	5991.81753901277	0	0	0	0	0	0	0	0	0	0.0510533446083718	0.0260403676189007	0.00263559165602558
79	84175.8653222537	34876.9401144969	-1978.62669526214	0	0	0	0	0	0	0	0	0	617.383716079087	314.643736351174	31.7903246602179	59160.524325558	31974.7845234749	4192.48931598933	0	0	0	0	0	0	0	0	0	64.0156201988171	32.6259112337448	3.29659324331294	16227.9625926951	14434.4930551026	5991.81623121701	0	0	0	0	0	0	0	0	0	0.0479685809247426	0.0244661454171515	0.00247608397036906
80	84188.1351635866	34883.2039063388	-1977.99427583168	0	0	0	0	0	0	0	0	0	604.664895585756	308.146313040797	31.130679445904	59160.7121309762	31974.8810932953	4192.49958503876	0	0	0	0	0	0	0	0	0	61.9661470504337	31.5795351925088	3.19048175870012	16227.9617932847	14434.4962795512	5991.81959823812	0	0	0	0	0	0	0	0	0	0.0315787220883623	0.016105457479943	0.00162970335021126
81	84132.2117380152	34854.7265989762	-1980.86641933333	0	0	0	0	0	0	0	0	0	661.1433638531	336.906219254502	34.0314699533177	59160.7144913602	31974.8822823258	4192.49966443756	0	0	0	0	0	0	0	0	0	66.9331455894389	34.1082543122276	3.44541367075525	16227.9676367105	14434.4990984284	5991.81973562656	0	0	0	0	0	0	0	0	0	0.0141825245945337	0.00723303689793429	0.000731866254870386
82	84181.2395368027	34879.6475164001	-1978.3647298344	0	0	0	0	0	0	0	0	0	611.294944411151	311.564201333344	31.4842408889635	59160.8099924316	31974.9276521334	4192.50157172365	0	0	0	0	0	0	0	0	0	62.2474760285782	31.7266709085184	3.20614224831439	16227.9710346152	14434.5080976843	5991.82654403142	0	0	0	0	0	0	0	0	0	0.0101611406735715	0.00518253237741198	0.000524472785160497
83	84211.0393362159	34894.8568826633	-1976.82119994301	0	0	0	0	0	0	0	0	0	581.608602677591	296.415695750395	29.9494134474961	59160.6304031841	31974.8382773069	4192.49448746735	0	0	0	0	0	0	0	0	0	59.6627747751845	30.4076204978353	3.07247022922236	16227.9626473457	14434.4983404717	5991.82099283684	0	0	0	0	0	0	0	0	0	0.0307302089467167	0.0156720228463936	0.0015856909664421
84	84160.2180817294	34868.932568235	-1979.45530949471	0	0	0	0	0	0	0	0	0	633.100821086516	322.665905746208	32.6034971902645	59160.6219713787	31974.8423163196	4192.50127254358	0	0	0	0	0	0	0	0	0	65.2707324322375	33.2666484952387	3.36156804634398	16227.9731061443	14434.5115520314	5991.82894242577	0	0	0	0	0	0	0	0	0	0.0335096744034876	0.0170912998429719	0.00172968563317845
85	84100.9505309642	34838.7269410703	-1982.49536353827	0	0	0	0	0	0	0	0	0	693.576230587276	353.507891116232	35.7241443003603	59160.6520127409	31974.8493436553	4192.49571112261	0	0	0	0	0	0	0	0	0	71.862021492413	36.6282025477232	3.70170661452598	16227.9532091843	14434.4893186881	5991.81675595827	0	0	0	0	0	0	0	0	0	0.0363685178309758	0.0185504294377816	0.00187757294852059
86	84069.1463485245	34822.5225716516	-1984.1358823413	0	0	0	0	0	0	0	0	0	726.014014716923	370.027311663379	37.3906633349469	59160.6687341561	31974.8621409742	4192.49993810898	0	0	0	0	0	0	0	0	0	76.3845869522895	38.9323676896286	3.93436303719089	16227.9635682521	14434.4980398116	5991.82050536761	0	0	0	0	0	0	0	0	0	0.0812964007493559	0.0414652553635883	0.00419656832151022
87	84147.3294722883	34862.4389250206	-1980.09328807973	0	0	0	0	0	0	0	0	0	645.724442859211	329.026880743863	33.2308311943257	59160.7694525417	31974.917189887	4192.50856695796	0	0	0	0	0	0	0	0	0	65.4380659568104	33.3441271943646	3.36774398488761	16227.9727637209	14434.5079580092	5991.82580887435	0	0	0	0	0	0	0	0	0	0.0285014088951661	0.0145325641213657	0.00146979527375432
88	84071.9663126101	34823.9790317568	-1983.98507426964	0	0	0	0	0	0	0	0	0	722.865612594339	368.402437951966	37.2221037535138	59160.7134651458	31974.8858995959	4192.50326973794	0	0	0	0	0	0	0	0	0	74.9402641181413	38.1937780163423	3.85919951767187	16227.9578949052	14434.4947967456	5991.8198920693	0	0	0	0	0	0	0	0	0	0.0556253589605191	0.0283717404048478	0.00287141407545133
89	84136.8882629562	34857.0942680179	-1980.63081339551	0	0	0	0	0	0	0	0	0	656.757578435972	334.686458073043	33.8103928752295	59160.7284917884	31974.889896988	4192.50080911341	0	0	0	0	0	0	0	0	0	67.9020975784244	34.6041419650638	3.49594815155651	16227.9634143618	14434.4970768916	5991.81964318205	0	0	0	0	0	0	0	0	0	0.0579547548159699	0.0295562476529552	0.00299050775675513
90	84232.2602427932	34905.5932227457	-1975.75637791293	0	0	0	0	0	0	0	0	0	559.814421472854	285.383041888851	28.8506432054737	59160.7035913418	31974.8736412445	4192.49629882537	0	0	0	0	0	0	0	0	0	58.8498319430583	30.0013981628988	3.03315450020819	16227.9759958747	14434.5125932846	5991.82849602705	0	0	0	0	0	0	0	0	0	0.0426192360325247	0.0217398747277025	0.00220064248125112
91	84225.2560417588	34902.0601146068	-1976.10206243095	0	0	0	0	0	0	0	0	0	567.298970178725	289.166529665317	29.2263376648205	59160.6392126815	31974.842596141	4192.49460821145	0	0	0	0	0	0	0	0	0	58.9744705811256	30.0615546984805	3.03851748130505	16227.9670995613	14434.5001917088	5991.82097206475	0	0	0	0	0	0	0	0	0	0.0341635954262073	0.0174257848495831	0.00176374555169587
92	84188.9133255389	34883.5891818618	-1977.95789039485	0	0	0	0	0	0	0	0	0	604.36243284267	308.00366848706	31.1187730608247	59160.6804130307	31974.8647773208	4192.4978916791	0	0	0	0	0	0	0	0	0	63.009484815258	32.1128454250295	3.24470783720684	16227.9580916718	14434.4946109013	5991.81956677741	0	0	0	0	0	0	0	0	0	0.0652624079903556	0.0332838980149524	0.00336785687330794
93	84114.0076770455	34845.4080737347	-1981.81737661627	0	0	0	0	0	0	0	0	0	680.730798859122	346.92948056147	35.0528396187168	59160.5936201402	31974.8202853615	4192.49303438631	0	0	0	0	0	0	0	0	0	72.0993725751293	36.746581640788	3.7131300286471	16227.9616992034	14434.4976584789	5991.82093968859	0	0	0	0	0	0	0	0	0	0.105304632857885	0.0537093128473351	0.00543545430447854
94	84128.9121869388	34853.0070779113	-1981.04835025867	0	0	0	0	0	0	0	0	0	664.805970387329	338.810976181822	34.2318530993014	59160.7117374209	31974.8794146249	4192.49816037017	0	0	0	0	0	0	0	0	0	68.5373091155828	34.9301308280213	3.52935563900856	16227.9717879243	14434.5032012309	5991.82178023103	0	0	0	0	0	0	0	0	0	0.0429183347314046	0.0218897775694372	0.00221523266058923
95	84184.4366751186	34881.2975247161	-1978.19063767837	0	0	0	0	0	0	0	0	0	608.028688954568	309.883801967856	31.3111007428043	59160.6784446638	31974.863613238	4192.49765298064	0	0	0	0	0	0	0	0	0	61.9370762523845	31.566901589874	3.18966412015932	16227.9657641227	14434.497293107	5991.81881847143	0	0	0	0	0	0	0	0	0	0.0153105819675219	0.00780875620231959	0.000790209987273458
96	84159.7925707454	34868.6839723053	-1979.48691791769	0	0	0	0	0	0	0	0	0	633.926300284267	323.11901744963	32.6559666458603	59160.6911044561	31974.8776226693	4192.50485669968	0	0	0	0	0	0	0	0	0	66.5967165982294	33.9462087654726	3.43101257702781	16227.978260868	14434.5140900003	5991.82912115571	0	0	0	0	0	0	0	0	0	0.05909414793288	0.0301420284821314	0.00305080019832288
97	84084.9895263368	34830.5880584946	-1983.32583481727	0	0	0	0	0	0	0	0	0	709.56337695822	361.64718918072	36.5445709289796	59160.7357058273	31974.9012305223	4192.50809748385	0	0	0	0	0	0	0	0	0	74.1320806302387	37.7845154247129	3.81839274270671	16227.9666181675	14434.4997029231	5991.82071904806	0	0	0	0	0	0	0	0	0	0.0630861579797195	0.0321765099232228	0.00325634734165774
98	84052.9365331516	34814.2296497891	-1984.97927876577	0	0	0	0	0	0	0	0	0	742.929196665279	378.682405449628	38.2722313830582	59160.6402650388	31974.8466016612	4192.49761983345	0	0	0	0	0	0	0	0	0	78.1018693680411	39.8110610238909	4.02386327308768	16227.9555885911	14434.4929552515	5991.81929280162	0	0	0	0	0	0	0	0	0	0.0607098139067855	0.030966288320553	0.00313426335351388
99	84143.9787046514	34860.7041199326	-1980.27353304881	0	0	0	0	0	0	0	0	0	649.470867788172	330.965352745372	33.4328972310699	59160.6692018922	31974.8657656943	4192.50319549738	0	0	0	0	0	0	0	0	0	67.5095339553662	34.4034252147992	3.47553661932346	16227.971890178	14434.5064323941	5991.8247171258	0	0	0	0	0	0	0	0	0	0.0842854499053575	0.0429834040933183	0.00434881400560828
100	84194.2450420072	34886.3089192523	-1977.68360733735	0	0	0	0	0	0	0	0	0	598.356361480579	304.937856402661	30.8079506353492	59160.6421826831	31974.8460836306	4192.49627994837	0	0	0	0	0	0	0	0	0	61.0988314737197	31.1380710981133	3.14599917024768	16227.959777695	14434.4969115266	5991.82105992658	0	0	0	0	0	0	0	0	0	0.0240719576947262	0.0122760006011669	0.00124199960124553
101	84156.9092176577	34867.3290061674	-1979.591742186	0	0	0	0	0	0	0	0	0	635.919426977054	324.032004772938	32.7267361634541	59160.8545687026	31974.9502915141	4192.50377770317	0	0	0	0	0	0	0	0	0	64.4208188095977	32.8259179773398	3.31544419754404	16227.976329127	14434.5100753764	5991.82612698616	0	0	0	0	0	0	0	0	0	0.023048049714915	0.0117523169103852	0.00118868639010354
102	84149.9121930367	34863.6721450127	-1979.98653233962	0	0	0	0	0	0	0	0	0	643.654415188977	328.055615396469	33.1503502493161	59160.7455425825	31974.9054901935	4192.50757166714	0	0	0	0	0	0	0	0	0	66.4713582393413	33.8797187875667	3.42375402972255	16227.9681914311	14434.5060128571	5991.82594179685	0	0	0	0	0	0	0	0	0	0.03561545266263	0.0181659762820549	0.00183858628733746
103	84133.7490946694	34855.4988792265	-1980.78719837573	0	0	0	0	0	0	0	0	0	660.098536211587	336.391069148019	33.9830343793373	59160.6903987238	31974.858464036	4192.48773934121	0	0	0	0	0	0	0	0	0	67.9719932039682	34.639872394401	3.4995820278068	16227.9647665161	14434.5034157161	5991.82495924041	0	0	0	0	0	0	0	0	0	0.0503079905367176	0.0256568531861524	0.0025960450765394
104	84162.7058307611	34870.1693442452	-1979.33713728117	0	0	0	0	0	0	0	0	0	630.861847831467	321.555812054989	32.4976929954977	59160.5902032254	31974.8364122953	4192.50905960197	0	0	0	0	0	0	0	0	0	66.2035900901598	33.7456839427052	3.41071305808324	16227.9645566816	14434.497633144	5991.81971201141	0	0	0	0	0	0	0	0	0	0.0533307099890772	0.0272027154263499	0.00275339489389646
105	84141.0296382207	34859.1219013855	-1980.44939335577	0	0	0	0	0	0	0	0	0	652.74995389085	332.71810915703	33.6272336007033	59160.6354495682	31974.8488989145	4192.50154727882	0	0	0	0	0	0	0	0	0	67.5108180469404	34.4122373730859	3.47815159413794	16227.968752214	14434.5035538007	5991.82342128365	0	0	0	0	0	0	0	0	0	0.026025246791953	0.0132747361287075	0.00134361438521991
106	84076.8932109454	34826.5408035464	-1983.71393369867	0	0	0	0	0	0	0	0	0	717.623262330993	365.682111045363	36.9371393927156	59160.6439917961	31974.8444852887	4192.49440013496	0	0	0	0	0	0	0	0	0	73.4924706097336	37.4505849584937	3.78299710682171	16227.9672926687	14434.5024766272	5991.82296850367	0	0	0	0	0	0	0	0	0	0.0492830439898721	0.025131866947017	0.00254243640714743
107	84140.0836214172	34858.6507874967	-1980.48829463789	0	0	0	0	0	0	0	0	0	653.910890525911	333.309688405168	33.6868604970169	59160.7001258433	31974.8678412414	4192.49228241995	0	0	0	0	0	0	0	0	0	69.2110948332733	35.2794075663702	3.56589033973089	16227.9731772239	14434.508998013	5991.82661549242	0	0	0	0	0	0	0	0	0	0.0794183756334221	0.0405070620291713	0.00409952202261322
108	84186.4135621715	34882.2918273117	-1978.09338355713	0	0	0	0	0	0	0	0	0	606.190546404557	308.959834363358	31.2205102008843	59160.6825031228	31974.8657765456	4192.49793066947	0	0	0	0	0	0	0	0	0	61.9632712125926	31.5816382309826	3.19145165685315	16227.965802106	14434.4978440712	5991.81931186275	0	0	0	0	0	0	0	0	0	0.016316805274809	0.00832273177989974	0.000842391586936958
109	84190.2962610772	34884.3474886886	-1977.87030701844	0	0	0	0	0	0	0	0	0	602.0309891133	306.760164999183	30.9813879625023	59160.6636264855	31974.8563397776	4192.49703972245	0	0	0	0	0	0	0	0	0	61.2695443506268	31.2198984406631	3.15317024972356	16227.9650019918	14434.4987843923	5991.82054846768	0	0	0	0	0	0	0	0	0	0.0343294101639973	0.0175059056019978	0.00177088251303647
110	84072.6803143848	34824.3255956851	-1983.95151467272	0	0	0	0	0	0	0	0	0	722.996633178495	368.491164092638	37.2358399438776	59160.6644061584	31974.8553791464	4192.49592242796	0	0	0	0	0	0	0	0	0	76.0423725711706	38.7581465011734	3.91680353796465	16227.9643258413	14434.4994452157	5991.82141462259	0	0	0	0	0	0	0	0	0	0.0752685133964952	0.0383919874963523	0.00388580772479984
111	84112.1102692474	34844.400915302	-1981.92718824242	0	0	0	0	0	0	0	0	0	682.382614762826	347.812587304412	35.1506165427916	59160.6621469506	31974.8552722208	4192.49674263797	0	0	0	0	0	0	0	0	0	70.3470618565222	35.8568865224034	3.62392937726322	16227.9674209632	14434.5000188756	5991.82063348818	0	0	0	0	0	0	0	0	0	0.0241160028502234	0.012300378890373	0.00124488276264595
112	84215.8119833734	34897.3153067206	-1976.56807833284	0	0	0	0	0	0	0	0	0	576.523015134077	293.796121037452	29.6790903204978	59160.6895839464	31974.8700695491	4192.4987205958	0	0	0	0	0	0	0	0	0	58.7193977103042	29.9238760072415	3.02298998942137	16227.9718148285	14434.5025226108	5991.82120732274	0	0	0	0	0	0	0	0	0	0.0249974913418459	0.0127477780056436	0.00128968235400888
113	84208.6600322586	34893.6324937534	-1976.9470084218	0	0	0	0	0	0	0	0	0	583.72441637298	297.506558015813	30.0625084632798	59160.5523216695	31974.8012950803	4192.4925469095	0	0	0	0	0	0	0	0	0	60.0909673262085	30.6272330845507	3.09497540918647	16227.9604351778	14434.493869195	5991.81801938401	0	0	0	0	0	0	0	0	0	0.0286680084061605	0.0146224412453826	0.00147995892835475
114	84156.2225637435	34866.9506701484	-1979.6359560454	0	0	0	0	0	0	0	0	0	637.011446442812	324.616903061635	32.7918026998984	59160.662584152	31974.8593173422	4192.49965985239	0	0	0	0	0	0	0	0	0	65.6004273513747	33.4303799299722	3.37720922676364	16227.9522104433	14434.491500235	5991.8193114318	0	0	0	0	0	0	0	0	0	0.0488374455276535	0.0249063470278522	0.00251999205775457
115	84165.2922257438	34871.5484113019	-1979.17351254726	0	0	0	0	0	0	0	0	0	628.305569128281	320.210884428793	32.3529818144207	59160.5316557283	31974.7864039645	4192.48783976107	0	0	0	0	0	0	0	0	0	65.0871937902237	33.1720696807879	3.35178113619777	16227.9629984796	14434.4974204477	5991.82022606373	0	0	0	0	0	0	0	0	0	0.053686841159865	0.0273794789695994	0.00277022277180832
116	84227.9768069253	34903.4662839468	-1975.95653005882	0	0	0	0	0	0	0	0	0	564.066246947746	287.49766239762	29.0532806211938	59160.665894589	31974.8568539192	4192.49631754615	0	0	0	0	0	0	0	0	0	58.4413171163047	29.7875826074125	3.01036636228291	16227.9593979951	14434.4969580189	5991.82126912796	0	0	0	0	0	0	0	0	0	0.0419314187258371	0.0213860941735689	0.00216419160504895
117	84212.3764951549	34895.5731130015	-1976.74100470092	0	0	0	0	0	0	0	0	0	579.490724900649	295.302048354823	29.8298598797813	59160.6624045841	31974.8547666162	4192.49613923409	0	0	0	0	0	0	0	0	0	58.9836124832166	30.0578574074862	3.03638450844491	16227.9654204524	14434.498486324	5991.820099743	0	0	0	0	0	0	0	0	0	0.0234912121471407	0.0119801412465602	0.00121213213092246
118	84198.6196077834	34888.5521254944	-1977.45280021118	0	0	0	0	0	0	0	0	0	593.818187825975	302.613418471095	30.5705779685565	59160.6623652275	31974.8552874996	4192.49662523908	0	0	0	0	0	0	0	0	0	60.2551539113508	30.706800153879	3.10214382068122	16227.9619682127	14434.4967426803	5991.81993847582	0	0	0	0	0	0	0	0	0	0.0155561826284614	0.00793355502335466	0.00080273696505977
119	84205.8051348552	34892.2189924559	-1977.0807245106	0	0	0	0	0	0	0	0	0	586.525645520073	298.892907495106	30.1938277540469	59160.6729896474	31974.8600342076	4192.49661669374	0	0	0	0	0	0	0	0	0	59.8568919585596	30.5035513261826	3.08154825929418	16227.9669043211	14434.4989779984	5991.81989565853	0	0	0	0	0	0	0	0	0	0.0261024700042249	0.0133119187543369	0.00134689516544597
120	84216.3582923086	34897.5829347837	-1976.54359844749	0	0	0	0	0	0	0	0	0	576.069964570474	293.575899907308	29.6591424576248	59160.5688895271	31974.8062428716	4192.49051711801	0	0	0	0	0	0	0	0	0	58.8254634227929	29.9790683499132	3.02881153647984	16227.9660747559	14434.502234046	5991.8232336543	0	0	0	0	0	0	0	0	0	0.0242157632675943	0.0123496266805187	0.00124951200084543
121	84121.9420072418	34849.4847023799	-1981.39801152513	0	0	0	0	0	0	0	0	0	672.076014687085	342.485844914647	34.5967807736309	59160.6558054386	31974.8514448343	4192.49588425938	0	0	0	0	0	0	0	0	0	70.4313215016756	35.8927363924401	3.62605356381395	16227.9626418048	14434.49787112	5991.82073514979	0	0	0	0	0	0	0	0	0	0.110495459560026	0.0563514856700999	0.00570167554094832
122	84097.0605804429	34836.8004906503	-1982.6775967969	0	0	0	0	0	0	0	0	0	697.231798721822	355.314419579826	35.8946548227162	59160.7058531501	31974.876918417	4192.49851207663	0	0	0	0	0	0	0	0	0	71.3580086882423	36.3652682319022	3.67384991919508	16227.960719725	14434.4924352017	5991.81643955216	0	0	0	0	0	0	0	0	0	0.0328748628409193	0.0167660063674403	0.00169643307985957
123	84133.930725608	34855.5659716843	-1980.78963279366	0	0	0	0	0	0	0	0	0	659.743106263227	336.229864396269	33.971069107898	59160.7654009837	31974.9082341704	4192.50230994164	0	0	0	0	0	0	0	0	0	68.1889283763151	34.7525295800254	3.51141904127733	16227.9636478558	14434.4971999348	5991.81975879384	0	0	0	0	0	0	0	0	0	0.0524884943700467	0.0267696431857218	0.00270881035802614
124	84166.4052054035	34872.03808488	-1979.14473215747	0	0	0	0	0	0	0	0	0	627.424874270613	319.833411315008	32.3298447348144	59160.6895211118	31974.8728476852	4192.50143337702	0	0	0	0	0	0	0	0	0	66.8897816875448	34.0987457893511	3.44709379958822	16227.9678022386	14434.5014604932	5991.82176222076	0	0	0	0	0	0	0	0	0	0.0769953758742189	0.0392719750117144	0.00397468465642202
125	84126.05528686	34851.5435449261	-1981.19993822629	0	0	0	0	0	0	0	0	0	667.934447944337	340.410711605526	34.3946889141414	59160.7743271734	31974.9099199035	4192.5005469833	0	0	0	0	0	0	0	0	0	68.9730161418819	35.1527918017581	3.55198865478497	16227.9715481298	14434.5067928356	5991.82537801224	0	0	0	0	0	0	0	0	0	0.0390278224072772	0.0199062555672886	0.00201467041355255
126	84087.165227236	34831.7049610551	-1983.20362060504	0	0	0	0	0	0	0	0	0	707.491233809351	360.595125950871	36.4392822773544	59160.7122202675	31974.8778651875	4192.49568674398	0	0	0	0	0	0	0	0	0	73.6410569328804	37.5345791131346	3.79322224327655	16227.9598457931	14434.4956510704	5991.82000183644	0	0	0	0	0	0	0	0	0	0.0511294289783322	0.0260792191161098	0.00263953416495412
127	84186.5587005184	34882.3702064345	-1978.0846534626	0	0	0	0	0	0	0	0	0	606.305103377584	309.013554615761	31.2249782183487	59160.733388254	31974.891775472	4192.50059471577	0	0	0	0	0	0	0	0	0	62.098707537009	31.6502274049326	3.19829227252943	16227.9676666155	14434.4989151053	5991.81951825248	0	0	0	0	0	0	0	0	0	0.0229364822516226	0.0116982616375183	0.00118383682700611
128	84152.4459056212	34865.0001164031	-1979.84522447435	0	0	0	0	0	0	0	0	0	641.331051744093	326.833824887786	33.0191139562274	59160.6472252276	31974.8548885136	4192.50232740413	0	0	0	0	0	0	0	0	0	66.4898740176512	33.8853998051785	3.42355189263374	16227.9690953661	14434.5073330201	5991.82672753942	0	0	0	0	0	0	0	0	0	0.0649833074516121	0.0331405778441816	0.00335314789999102
129	84098.6115260449	34837.5633456522	-1982.60837624941	0	0	0	0	0	0	0	0	0	695.483442760343	354.44796059161	35.8122686247902	59160.7235704447	31974.8862015963	4192.49943120112	0	0	0	0	0	0	0	0	0	71.2166701097539	36.2957290009631	3.66734729825035	16227.9615337374	14434.4960188753	5991.81960801382	0	0	0	0	0	0	0	0	0	0.0273249973618437	0.0139362207352366	0.00141024257558461
130	84199.6062290929	34889.0396044989	-1977.40467101559	0	0	0	0	0	0	0	0	0	592.482223720595	301.95162526054	30.5078174280214	59160.6844108409	31974.8614897773	4192.49297502063	0	0	0	0	0	0	0	0	0	60.7007096724163	30.936007533553	3.1257607925451	16227.9723994986	14434.503710492	5991.8220126901	0	0	0	0	0	0	0	0	0	0.0292792832264471	0.0149328375543383	0.00151107333343851
131	84144.2794295043	34860.7953297357	-1980.27716120422	0	0	0	0	0	0	0	0	0	649.476461976519	331.031802053519	33.4530208248221	59160.5470264783	31974.8034380088	4192.49685858457	0	0	0	0	0	0	0	0	0	66.7531144120496	34.0240955231288	3.43851238236905	16227.9652830651	14434.5026356135	5991.8240294983	0	0	0	0	0	0	0	0	0	0.0219758573679885	0.0112087891197027	0.00113440500771734
132	84150.6453609964	34864.0991218191	-1979.9239100446	0	0	0	0	0	0	0	0	0	642.519176594231	327.437222053921	33.0794153727619	59160.7590286346	31974.9040300274	4192.50116535645	0	0	0	0	0	0	0	0	0	66.2052262403835	33.7399413314579	3.40875083704908	16227.9703443461	14434.5012280565	5991.82053683246	0	0	0	0	0	0	0	0	0	0.0518486424359934	0.0264398759593258	0.00267468738131942
133	84107.3432407938	34842.0843732085	-1982.13686228121	0	0	0	0	0	0	0	0	0	686.302267270416	349.696265941746	35.3169891767407	59160.7513945723	31974.9006676415	4192.50126532336	0	0	0	0	0	0	0	0	0	69.2097370634982	35.2651622970072	3.56159946522188	16227.9626106588	14434.4965816722	5991.8194790526	0	0	0	0	0	0	0	0	0	0.0147915452655084	0.00754211386520209	0.000762808957973689
134	84172.2613078694	34875.1165992385	-1978.80782277098	0	0	0	0	0	0	0	0	0	620.509937205049	316.223715116312	31.9472695783132	59160.7161859286	31974.8829148992	4192.49945814842	0	0	0	0	0	0	0	0	0	63.3035325480221	32.261209014045	3.2593769896662	16227.9655562046	14434.4936771884	5991.81560594331	0	0	0	0	0	0	0	0	0	0.0258281940394454	0.0131716415161276	0.00133261760694709
135	84056.2384974223	34815.981563464	-1984.78616701611	0	0	0	0	0	0	0	0	0	739.294370367969	376.762777274833	38.0642848803751	59160.6635963328	31974.8532789046	4192.4944163399	0	0	0	0	0	0	0	0	0	76.7155232652577	39.0972855543051	3.95023590847798	16227.9662717686	14434.5004115783	5991.82154753825	0	0	0	0	0	0	0	0	0	0.0615340366142179	0.0313829671707247	0.00317563050383593
136	84126.1162037995	34851.6150948176	-1981.18199848938	0	0	0	0	0	0	0	0	0	667.771989319967	340.288656820768	34.3739465000545	59160.6767565353	31974.8636135254	4192.49798457884	0	0	0	0	0	0	0	0	0	68.4187967319027	34.8660851812217	3.52210957799496	16227.962697014	14434.496877035	5991.81980121418	0	0	0	0	0	0	0	0	0	0.0472752245725597	0.0241070750278617	0.00243856214981609
137	84114.806130393	34845.7518945115	-1981.79570917406	0	0	0	0	0	0	0	0	0	680.036377059362	346.639874807702	35.0368329192124	59160.6205724797	31974.8305945372	4192.49135808672	0	0	0	0	0	0	0	0	0	71.4551842615424	36.4245086659332	3.68187223652873	16227.9740586978	14434.5073164513	5991.82468286501	0	0	0	0	0	0	0	0	0	0.0521512149776367	0.0266001383881944	0.00269219705549638
138	84109.1659211848	34842.8363738488	-1982.10577965911	0	0	0	0	0	0	0	0	0	685.7353641528	349.574826727342	35.3400702861233	59160.5527464332	31974.8115310943	4192.50191779765	0	0	0	0	0	0	0	0	0	73.2552702626614	37.3455314914555	3.77572148827367	16227.9645240384	14434.4980679656	5991.82018836679	0	0	0	0	0	0	0	0	0	0.0643181011397145	0.032808954518537	0.00332125098372987
139	84154.7995736765	34866.1294432424	-1979.73789955458	0	0	0	0	0	0	0	0	0	639.149885006202	325.806816824466	32.9331335924857	59160.7223273312	31974.8865158664	4192.49984284585	0	0	0	0	0	0	0	0	0	67.4379335046569	34.3776281878903	3.47519088123193	16227.963023559	14434.4980766051	5991.82080142922	0	0	0	0	0	0	0	0	0	0.056160565007717	0.0286462805224424	0.00289954265237712
140	84159.9161273243	34868.7785624999	-1979.46325023179	0	0	0	0	0	0	0	0	0	633.441811192255	322.85263864657	32.6251193323521	59160.6193908998	31974.8371808801	4192.49776855674	0	0	0	0	0	0	0	0	0	66.1893606883187	33.7365080941986	3.40940032974181	16227.9652027333	14434.4987935604	5991.82032369416	0	0	0	0	0	0	0	0	0	0.0545826213830246	0.0278409811017838	0.00281793700317126
141	84187.0883735629	34882.6035243786	-1978.07538846955	0	0	0	0	0	0	0	0	0	605.893793418366	308.829410373904	31.2114092530087	59160.7475829204	31974.9093128427	4192.51055043303	0	0	0	0	0	0	0	0	0	62.778784423148	31.9996714473459	3.23416631973607	16227.9633427521	14434.4980544346	5991.82061878958	0	0	0	0	0	0	0	0	0	0.0398694095562862	0.0203345701787728	0.00205781095272747
142	84150.4016161259	34863.9578037513	-1979.94170394877	0	0	0	0	0	0	0	0	0	643.140517251073	327.771986148968	33.1172493900649	59160.6755508308	31974.861172955	4192.49668020123	0	0	0	0	0	0	0	0	0	65.452395537794	33.3578142504513	3.37048756610307	16227.9608334782	14434.4959540466	5991.81972370451	0	0	0	0	0	0	0	0	0	0.0150533645428949	0.00767696801702594	0.000776743712747842
143	84169.0526371797	34873.449933314	-1978.98545926032	0	0	0	0	0	0	0	0	0	624.276175081538	318.170571805396	32.1496010448578	59160.6912209936	31974.8725519886	4192.50035485961	0	0	0	0	0	0	0	0	0	63.7089765696787	32.4706337073291	3.28111025125721	16227.9636232642	14434.49479351	5991.81749078258	0	0	0	0	0	0	0	0	0	0.0172033220396759	0.00877415705996173	0.000887916412674402
144	84166.049602143	34871.8497400919	-1979.16466923295	0	0	0	0	0	0	0	0	0	627.842747583389	320.054996912488	32.3542136144728	59160.5657609361	31974.8057543404	4192.49144364187	0	0	0	0	0	0	0	0	0	65.9580187134776	33.6243417581447	3.39927469200802	16227.9704549253	14434.5054273014	5991.82432453236	0	0	0	0	0	0	0	0	0	0.0398964731333048	0.0203506457076316	0.00205993769248179
145	84154.243873499	34865.8714765783	-1979.7667790174	0	0	0	0	0	0	0	0	0	639.317436222702	325.852804404151	32.9292966206294	59160.6818332466	31974.8726273859	4192.50418081431	0	0	0	0	0	0	0	0	0	67.0139664088121	34.1573876661092	3.45204120152571	16227.9762688971	14434.5114890267	5991.82755257105	0	0	0	0	0	0	0	0	0	0.066179107673364	0.033753954495587	0.00341597108632737
146	84146.3765075809	34861.8470952109	-1980.17483841588	0	0	0	0	0	0	0	0	0	647.587294872638	330.085737911414	33.3609452918981	59160.5806338144	31974.8205482399	4192.49861377124	0	0	0	0	0	0	0	0	0	67.2669076974402	34.287915000373	3.46558178127885	16227.9599328142	14434.5005373885	5991.82429758738	0	0	0	0	0	0	0	0	0	0.0343156829435745	0.0175030932454759	0.00177151316595955
147	84142.1263106987	34859.7619582984	-1980.36200267959	0	0	0	0	0	0	0	0	0	651.432216183962	331.972910394756	33.5361950883005	59160.5640734013	31974.8042819841	4192.49034757417	0	0	0	0	0	0	0	0	0	66.7786436032032	34.0314143396272	3.43803270669689	16227.9701004951	14434.50363189	5991.82286173615	0	0	0	0	0	0	0	0	0	0.0378099095443563	0.0192824798096625	0.00195097197518934
148	84161.0615575695	34869.2915870582	-1979.42533713578	0	0	0	0	0	0	0	0	0	632.880039463286	322.640443637255	32.6191664247301	59160.5941750739	31974.8201258536	4192.49279092372	0	0	0	0	0	0	0	0	0	67.7795615727661	34.5550749471764	3.49380807108707	16227.9616564459	14434.4992404288	5991.82235576479	0	0	0	0	0	0	0	0	0	0.0763961123320379	0.0389692287827339	0.0039446834433533
149	84105.0301745405	34840.8184279563	-1982.29024087029	0	0	0	0	0	0	0	0	0	689.341200401735	351.321529492091	35.4973508490534	59160.658219195	31974.8654401346	4192.50741865616	0	0	0	0	0	0	0	0	0	71.4780202887944	36.4296439117277	3.68104399747304	16227.9645844707	14434.4973649174	5991.81946725717	0	0	0	0	0	0	0	0	0	0.0590548264319223	0.0301177817841569	0.00304744006397874
150	84144.0820800754	34860.7723494208	-1980.25785360901	0	0	0	0	0	0	0	0	0	649.046155396272	330.742123574062	33.4088663040664	59160.7916133444	31974.9182584119	4192.50052420375	0	0	0	0	0	0	0	0	0	66.2992743066836	33.7855115799107	3.41286444814565	16227.9727958341	14434.507833664	5991.82548439375	0	0	0	0	0	0	0	0	0	0.0349447692765406	0.0178206031084377	0.00180291507073852
151	84096.6191796961	34836.53952033	-1982.71129728473	0	0	0	0	0	0	0	0	0	698.050932321963	355.769684571464	35.9487464437045	59160.599165009	31974.8220386174	4192.4927570478	0	0	0	0	0	0	0	0	0	73.3020918362743	37.3606600161012	3.77540607731282	16227.9523639657	14434.4876789983	5991.81557600287	0	0	0	0	0	0	0	0	0	0.0789792355367184	0.0402840242129216	0.00407715609259327
152	84194.665485358	34886.4922226018	-1977.67288794819	0	0	0	0	0	0	0	0	0	597.909980604008	304.739600194632	30.7939145504942	59160.7461977002	31974.89518421	4192.49833670898	0	0	0	0	0	0	0	0	0	61.3581662199851	31.2733160922311	3.16029601855712	16227.9802261438	14434.5135067963	5991.82755566388	0	0	0	0	0	0	0	0	0	0.0260464167219444	0.0132843579762	0.00134432914790683
153	84190.5545895949	34884.4244286308	-1977.8739700923	0	0	0	0	0	0	0	0	0	602.409256225296	307.008909180574	31.0183261931913	59160.5641046958	31974.8055185293	4192.49191080459	0	0	0	0	0	0	0	0	0	61.8414750175869	31.5172731505708	3.18446038236409	16227.9684643372	14434.5003900649	5991.82054435497	0	0	0	0	0	0	0	0	0	0.0293588657332122	0.0149739255880994	0.00151533857744156
154	84191.9806748352	34885.1493627184	-1977.80825926747	0	0	0	0	0	0	0	0	0	600.41466094981	305.981792572951	30.9122940847084	59160.7209291466	31974.896060734	4192.50939303331	0	0	0	0	0	0	0	0	0	60.8378410987625	31.0043907953712	3.13234489501022	16227.9736203768	14434.5046065919	5991.822375113	0	0	0	0	0	0	0	0	0	0.0107830543938005	0.00549956571284369	0.000556520443444729
155	84187.1924326259	34882.676531515	-1978.05714414941	0	0	0	0	0	0	0	0	0	605.662829468466	308.703436514711	31.1972157202739	59160.7330708782	31974.8915729945	4192.50056393961	0	0	0	0	0	0	0	0	0	62.4880909751869	31.8505777687062	3.21893095165489	16227.9609211862	14434.4952848455	5991.81909967043	0	0	0	0	0	0	0	0	0	0.0300837383932756	0.0153433804928275	0.00155267241165587
156	84203.6680765781	34891.0408410083	-1977.22853753641	0	0	0	0	0	0	0	0	0	588.987473142698	300.220656472952	30.3434412861147	59160.6926943394	31974.888257975	4192.51373614004	0	0	0	0	0	0	0	0	0	60.9362654224226	31.0613595010736	3.13953983052048	16227.9688305031	14434.4990334248	5991.81923062946	0	0	0	0	0	0	0	0	0	0.0261615057138774	0.0133445254590793	0.00135073998675414
157	84170.0110269305	34873.9949228579	-1978.91969318778	0	0	0	0	0	0	0	0	0	622.927389803321	317.423365323495	32.061617803137	59160.803586449	31974.9271752649	4192.50356804563	0	0	0	0	0	0	0	0	0	63.1732694213515	32.191445601931	3.25161311371298	16227.9736118747	14434.5046991551	5991.8223570456	0	0	0	0	0	0	0	0	0	0.0203414605009912	0.0103737286001531	0.0010495782131382
158	84085.2847212819	34830.7877719323	-1983.29358812934	0	0	0	0	0	0	0	0	0	709.373905811038	361.503495373261	36.5202095259409	59160.6808974732	31974.8710961392	4192.50338687534	0	0	0	0	0	0	0	0	0	72.8897635465064	37.146082210493	3.75277904820179	16227.9539465352	14434.4924079685	5991.81923420987	0	0	0	0	0	0	0	0	0	0.0479527580110846	0.0244530076644018	0.00247365316617429
159	84145.1474874536	34861.3141060354	-1980.20914176834	0	0	0	0	0	0	0	0	0	648.178542776031	330.29151234828	33.3615519092052	59160.7249983768	31974.8943013456	4192.50613694142	0	0	0	0	0	0	0	0	0	66.2261919438376	33.7473808289847	3.40882430844714	16227.9714262562	14434.5066412531	5991.82510819424	0	0	0	0	0	0	0	0	0	0.0453427627035996	0.023120794716218	0.00233861200854539
160	84189.2325579473	34883.7513885163	-1977.94472548572	0	0	0	0	0	0	0	0	0	603.777887314907	307.700430035172	31.0868557117677	59160.7044060029	31974.8832736239	4192.50474712076	0	0	0	0	0	0	0	0	0	62.1450095710062	31.6714015147567	3.19990595419662	16227.9635772983	14434.4968111418	5991.81927224286	0	0	0	0	0	0	0	0	0	0.0413582935457507	0.0210924346701998	0.00213418070926841
161	84149.6779240195	34863.6450491745	-1979.96344926275	0	0	0	0	0	0	0	0	0	643.5977835051	327.943938985187	33.1217076926244	59160.7802534338	31974.9123979157	4192.49992309754	0	0	0	0	0	0	0	0	0	65.6610549261521	33.458014297672	3.37931251021845	16227.9761378836	14434.5098516579	5991.82589762329	0	0	0	0	0	0	0	0	0	0.0426047523847166	0.0217242574916084	0.00219726826431174
162	84135.8478241739	34856.6109606511	-1980.66643973652	0	0	0	0	0	0	0	0	0	657.489896859891	335.017653347692	33.8350126465143	59160.7087385321	31974.8776931453	4192.49802646568	0	0	0	0	0	0	0	0	0	66.6869087351672	33.9800766874111	3.43189317722696	16227.963339471	14434.4934571586	5991.81629633879	0	0	0	0	0	0	0	0	0	0.0297856023144221	0.0151877131128359	0.00153613130332198
163	84144.8242704148	34861.1413840593	-1980.21971399694	0	0	0	0	0	0	0	0	0	648.822738539588	330.64296110345	33.4020091554962	59160.6636859587	31974.8550019711	4192.49593509207	0	0	0	0	0	0	0	0	0	66.4779607159564	33.8781694661682	3.42256857756893	16227.9608405394	14434.4945718447	5991.81838189685	0	0	0	0	0	0	0	0	0	0.0355667587187529	0.0181395264934211	0.00183555867752736
164	84151.5967109618	34864.6138481255	-1979.86745884743	0	0	0	0	0	0	0	0	0	641.411979364598	326.839292627866	33.012003935244	59160.7660676587	31974.9051851959	4192.49921449109	0	0	0	0	0	0	0	0	0	65.778946773364	33.5191786876084	3.38571458328781	16227.9807427727	14434.5121454546	5991.8261381341	0	0	0	0	0	0	0	0	0	0.0537666553458255	0.027418632854518	0.00277384871345306
165	84144.2072775441	34860.7987521182	-1980.26839073264	0	0	0	0	0	0	0	0	0	649.514741130257	331.010302958547	33.4420933178565	59160.6442121882	31974.8528394045	4192.50182453806	0	0	0	0	0	0	0	0	0	66.8450534772586	34.066868646788	3.44196216437451	16227.969976891	14434.5052724531	5991.82450291749	0	0	0	0	0	0	0	0	0	0.0386140469966619	0.0196948355879116	0.00199319059500202
166	84161.8388268141	34869.7710010566	-1979.35970632851	0	0	0	0	0	0	0	0	0	631.589922047795	321.897484704726	32.5261569487758	59160.4712995239	31974.7574385808	4192.48641257387	0	0	0	0	0	0	0	0	0	64.7815159704629	33.0173472433468	3.33638050715369	16227.9706373841	14434.5043635364	5991.82331262711	0	0	0	0	0	0	0	0	0	0.0228716457006059	0.0116656556462816	0.0011806361903081
167	84163.9460325781	34870.8761861622	-1979.23863182775	0	0	0	0	0	0	0	0	0	628.966261464646	320.533248150771	32.3826649492499	59160.738367129	31974.8927800894	4192.49932090482	0	0	0	0	0	0	0	0	0	64.2180783134796	32.7273202976261	3.30647662307588	16227.9621020453	14434.4961283745	5991.81938669261	0	0	0	0	0	0	0	0	0	0.0256159637665175	0.0130638534414149	0.00132180870488625
168	84159.735574476	34868.6884748369	-1979.47958588833	0	0	0	0	0	0	0	0	0	633.503539691726	322.869247377293	32.6236224574496	59160.7210845038	31974.8929113213	4192.5064129366	0	0	0	0	0	0	0	0	0	66.0732754144513	33.6757551887682	3.40292173793105	16227.9756838613	14434.5128745863	5991.82908179588	0	0	0	0	0	0	0	0	0	0.0615786675402339	0.0314065355985157	0.00317818855446736
